DATE_ONLY,TIME,CAMPUS,ROOM ID,ROOM_EXAM_CAPACITY,TOTAL_STUDENTS,NUM_MODULES,UTILIZATION
2025-12-15,07g00,CS1,B1-208,44,44,1,1.0
2025-12-15,07g00,CS1,B1-212,38,38,3,1.0
2025-12-15,07g00,CS1,B1-306,44,44,1,1.0
2025-12-15,07g00,CS1,B1-311,42,42,1,1.0
2025-12-15,07g00,CS1,B4-305,42,42,1,1.0
2025-12-15,07g00,CS1,B4-306,42,42,1,1.0
2025-12-15,07g00,CS1,B4-406,57,57,1,1.0
2025-12-15,07g00,CS1,B4-501,42,42,1,1.0
2025-12-15,07g00,CS1,B4-502,42,42,1,1.0
2025-12-15,07g00,CS1,B4-505,63,63,1,1.0
2025-12-15,07g00,CS1,B5-GD,130,130,1,1.0
2025-12-15,07g00,CS1,B6-306,42,42,1,1.0
2025-12-15,07g00,CS1,C4-301,42,42,1,1.0
2025-12-15,07g00,CS1,C4-304,42,42,1,1.0
2025-12-15,07g00,CS1,C4-402,42,42,1,1.0
2025-12-15,07g00,CS1,C4-403,42,42,1,1.0
2025-12-15,07g00,CS1,C4-502,42,42,1,1.0
2025-12-15,07g00,CS1,C5-303,42,42,1,1.0
2025-12-15,07g00,CS1,C5-401,42,42,1,1.0
2025-12-15,07g00,CS1,C5-403,42,42,1,1.0
2025-12-15,07g00,CS1,C5-502,42,42,1,1.0
2025-12-15,07g00,CS1,C5-503,42,42,2,1.0
2025-12-15,07g00,CS1,C6-102,50,50,1,1.0
2025-12-15,07g00,CS1,C6-103,50,50,1,1.0
2025-12-15,07g00,CS1,C6-401,42,42,1,1.0
2025-12-15,07g00,CS1,C6-402,42,42,1,1.0
2025-12-15,07g00,CS1,C6-403,42,42,1,1.0
2025-12-15,07g00,CS1,B1-305,38,5,1,0.13157894736842105
2025-12-15,07g00,CS2,H1-101,73,73,1,1.0
2025-12-15,07g00,CS2,H1-104,73,73,1,1.0
2025-12-15,07g00,CS2,H1-204,68,68,1,1.0
2025-12-15,07g00,CS2,H1-307,71,71,1,1.0
2025-12-15,07g00,CS2,H1-401,66,66,1,1.0
2025-12-15,07g00,CS2,H1-404,66,66,1,1.0
2025-12-15,07g00,CS2,H1-405,63,63,1,1.0
2025-12-15,07g00,CS2,H2-201,82,82,1,1.0
2025-12-15,07g00,CS2,H2-205,62,62,2,1.0
2025-12-15,07g00,CS2,H2-206,82,82,1,1.0
2025-12-15,07g00,CS2,H2-207,71,71,1,1.0
2025-12-15,07g00,CS2,H2-301,82,82,1,1.0
2025-12-15,07g00,CS2,H2-306,82,82,1,1.0
2025-12-15,07g00,CS2,H2-401,82,82,1,1.0
2025-12-15,07g00,CS2,H2-406,82,82,1,1.0
2025-12-15,07g00,CS2,H3-201,75,75,1,1.0
2025-12-15,07g00,CS2,H3-301,75,75,1,1.0
2025-12-15,07g00,CS2,H3-306,75,75,1,1.0
2025-12-15,07g00,CS2,H3-401,75,75,1,1.0
2025-12-15,07g00,CS2,H3-406,75,75,1,1.0
2025-12-15,07g00,CS2,H3-501,75,75,1,1.0
2025-12-15,07g00,CS2,H3-506,75,75,1,1.0
2025-12-15,07g00,CS2,H3-606,63,63,2,1.0
2025-12-15,07g00,CS2,H6-113,68,68,1,1.0
2025-12-15,07g00,CS2,H6-201,63,63,1,1.0
2025-12-15,07g00,CS2,H6-205,62,62,2,1.0
2025-12-15,07g00,CS2,H6-211,66,66,1,1.0
2025-12-15,07g00,CS2,H6-305,68,68,1,1.0
2025-12-15,07g00,CS2,H6-308,76,76,1,1.0
2025-12-15,07g00,CS2,H6-311,71,71,1,1.0
2025-12-15,07g00,CS2,H6-405,63,63,1,1.0
2025-12-15,07g00,CS2,H6-412,65,65,1,1.0
2025-12-15,07g00,CS2,H6-802,63,63,1,1.0
2025-12-15,07g00,CS2,H6-810,63,63,1,1.0
2025-12-15,07g00,CS2,H6-811,79,79,1,1.0
2025-12-15,07g00,CS2,H6-GD,250,250,1,1.0
2025-12-15,07g00,CS2,H2-302,62,46,3,0.7419354838709677
2025-12-15,09g30,CS1,B1-208,44,44,2,1.0
2025-12-15,09g30,CS1,B1-306,44,44,3,1.0
2025-12-15,09g30,CS1,B4-406,57,57,1,1.0
2025-12-15,09g30,CS1,B4-502,42,42,5,1.0
2025-12-15,09g30,CS1,B4-505,63,63,1,1.0
2025-12-15,09g30,CS1,B5-GD,130,130,1,1.0
2025-12-15,09g30,CS1,C6-102,50,50,2,1.0
2025-12-15,09g30,CS1,C6-103,50,50,1,1.0
2025-12-15,09g30,CS1,B4-501,42,10,2,0.23809523809523808
2025-12-15,09g30,CS2,H6-GD,250,250,3,1.0
2025-12-15,09g30,CS2,H2-201,82,77,7,0.9390243902439024
2025-12-15,13g00,CS1,B4-505,63,63,2,1.0
2025-12-15,13g00,CS1,B5-GD,130,130,1,1.0
2025-12-15,13g00,CS1,B4-406,57,54,4,0.9473684210526315
2025-12-15,13g00,CS2,H2-201,82,82,1,1.0
2025-12-15,13g00,CS2,H2-206,82,82,2,1.0
2025-12-15,13g00,CS2,H2-301,82,82,2,1.0
2025-12-15,13g00,CS2,H2-306,82,82,1,1.0
2025-12-15,13g00,CS2,H2-401,82,82,1,1.0
2025-12-15,13g00,CS2,H2-406,82,82,1,1.0
2025-12-15,13g00,CS2,H6-811,79,79,2,1.0
2025-12-15,13g00,CS2,H6-GD,250,250,1,1.0
2025-12-15,13g00,CS2,H6-308,76,58,4,0.7631578947368421
2025-12-15,15g30,CS1,B5-GD,130,54,1,0.4153846153846154
2025-12-15,15g30,CS2,H6-GD,250,119,1,0.476
2025-12-16,07g00,CS1,B1-208,44,44,4,1.0
2025-12-16,07g00,CS1,B4-406,57,57,1,1.0
2025-12-16,07g00,CS1,B4-505,63,63,1,1.0
2025-12-16,07g00,CS1,B5-GD,130,130,1,1.0
2025-12-16,07g00,CS1,C6-102,50,50,3,1.0
2025-12-16,07g00,CS1,C6-103,50,50,1,1.0
2025-12-16,07g00,CS1,B1-306,44,15,2,0.3409090909090909
2025-12-16,07g00,CS2,H6-GD,250,250,4,1.0
2025-12-16,07g00,CS2,H2-201,82,2,1,0.024390243902439025
2025-12-16,09g30,CS1,B4-406,57,57,3,1.0
2025-12-16,09g30,CS1,B4-505,63,63,1,1.0
2025-12-16,09g30,CS1,B5-GD,130,130,1,1.0
2025-12-16,09g30,CS1,C6-103,50,6,1,0.12
2025-12-16,09g30,CS2,H2-201,82,82,1,1.0
2025-12-16,09g30,CS2,H2-301,82,82,3,1.0
2025-12-16,09g30,CS2,H2-306,82,82,2,1.0
2025-12-16,09g30,CS2,H2-401,82,82,1,1.0
2025-12-16,09g30,CS2,H2-406,82,82,1,1.0
2025-12-16,09g30,CS2,H6-GD,250,250,1,1.0
2025-12-16,09g30,CS2,H2-206,82,13,1,0.15853658536585366
2025-12-16,13g00,CS1,B1-208,44,44,1,1.0
2025-12-16,13g00,CS1,B1-306,44,44,1,1.0
2025-12-16,13g00,CS1,B4-406,57,57,1,1.0
2025-12-16,13g00,CS1,B4-501,42,42,1,1.0
2025-12-16,13g00,CS1,B4-502,42,42,1,1.0
2025-12-16,13g00,CS1,B4-505,63,63,1,1.0
2025-12-16,13g00,CS1,B5-GD,130,130,1,1.0
2025-12-16,13g00,CS1,B6-306,42,42,2,1.0
2025-12-16,13g00,CS1,C6-102,50,50,1,1.0
2025-12-16,13g00,CS1,C6-103,50,50,1,1.0
2025-12-16,13g00,CS1,C4-502,42,2,1,0.047619047619047616
2025-12-16,13g00,CS2,H2-201,82,82,1,1.0
2025-12-16,13g00,CS2,H2-206,82,82,1,1.0
2025-12-16,13g00,CS2,H2-301,82,82,1,1.0
2025-12-16,13g00,CS2,H2-306,82,82,1,1.0
2025-12-16,13g00,CS2,H2-401,82,82,1,1.0
2025-12-16,13g00,CS2,H2-406,82,82,1,1.0
2025-12-16,13g00,CS2,H3-301,75,75,2,1.0
2025-12-16,13g00,CS2,H3-306,75,75,2,1.0
2025-12-16,13g00,CS2,H3-401,75,75,1,1.0
2025-12-16,13g00,CS2,H3-406,75,75,1,1.0
2025-12-16,13g00,CS2,H3-501,75,75,1,1.0
2025-12-16,13g00,CS2,H3-506,75,75,1,1.0
2025-12-16,13g00,CS2,H6-308,76,76,1,1.0
2025-12-16,13g00,CS2,H6-811,79,79,1,1.0
2025-12-16,13g00,CS2,H6-GD,250,250,1,1.0
2025-12-16,13g00,CS2,H3-201,75,48,3,0.64
2025-12-16,15g30,CS1,B4-505,63,63,2,1.0
2025-12-16,15g30,CS1,B5-GD,130,130,2,1.0
2025-12-16,15g30,CS1,B4-406,57,6,1,0.10526315789473684
2025-12-16,15g30,CS2,H2-201,82,82,1,1.0
2025-12-16,15g30,CS2,H2-406,82,82,2,1.0
2025-12-16,15g30,CS2,H6-GD,250,250,2,1.0
2025-12-16,15g30,CS2,H2-401,82,80,3,0.975609756097561
2025-12-17,07g00,CS1,B1-208,44,44,1,1.0
2025-12-17,07g00,CS1,B1-306,44,44,1,1.0
2025-12-17,07g00,CS1,B1-311,42,42,2,1.0
2025-12-17,07g00,CS1,B4-305,42,42,1,1.0
2025-12-17,07g00,CS1,B4-306,42,42,2,1.0
2025-12-17,07g00,CS1,B4-406,57,57,1,1.0
2025-12-17,07g00,CS1,B4-501,42,42,1,1.0
2025-12-17,07g00,CS1,B4-502,42,42,1,1.0
2025-12-17,07g00,CS1,B4-505,63,63,1,1.0
2025-12-17,07g00,CS1,B5-GD,130,130,1,1.0
2025-12-17,07g00,CS1,B6-306,42,42,1,1.0
2025-12-17,07g00,CS1,C4-301,42,42,1,1.0
2025-12-17,07g00,CS1,C4-304,42,42,1,1.0
2025-12-17,07g00,CS1,C4-402,42,42,1,1.0
2025-12-17,07g00,CS1,C4-403,42,42,1,1.0
2025-12-17,07g00,CS1,C4-502,42,42,1,1.0
2025-12-17,07g00,CS1,C5-303,42,42,3,1.0
2025-12-17,07g00,CS1,C5-401,42,42,3,1.0
2025-12-17,07g00,CS1,C5-403,42,42,3,1.0
2025-12-17,07g00,CS1,C5-502,42,42,8,1.0
2025-12-17,07g00,CS1,C6-102,50,50,1,1.0
2025-12-17,07g00,CS1,C6-103,50,50,1,1.0
2025-12-17,07g00,CS2,H1-101,73,73,1,1.0
2025-12-17,07g00,CS2,H1-104,73,73,1,1.0
2025-12-17,07g00,CS2,H1-204,68,68,2,1.0
2025-12-17,07g00,CS2,H1-307,71,71,1,1.0
2025-12-17,07g00,CS2,H1-401,66,66,2,1.0
2025-12-17,07g00,CS2,H1-404,66,66,2,1.0
2025-12-17,07g00,CS2,H1-405,63,63,5,1.0
2025-12-17,07g00,CS2,H2-201,82,82,1,1.0
2025-12-17,07g00,CS2,H2-206,82,82,1,1.0
2025-12-17,07g00,CS2,H2-207,71,71,1,1.0
2025-12-17,07g00,CS2,H2-301,82,82,1,1.0
2025-12-17,07g00,CS2,H2-306,82,82,1,1.0
2025-12-17,07g00,CS2,H2-401,82,82,1,1.0
2025-12-17,07g00,CS2,H2-406,82,82,1,1.0
2025-12-17,07g00,CS2,H3-201,75,75,1,1.0
2025-12-17,07g00,CS2,H3-301,75,75,1,1.0
2025-12-17,07g00,CS2,H3-306,75,75,1,1.0
2025-12-17,07g00,CS2,H3-401,75,75,1,1.0
2025-12-17,07g00,CS2,H3-406,75,75,1,1.0
2025-12-17,07g00,CS2,H3-501,75,75,1,1.0
2025-12-17,07g00,CS2,H3-506,75,75,1,1.0
2025-12-17,07g00,CS2,H6-113,68,68,2,1.0
2025-12-17,07g00,CS2,H6-211,66,66,3,1.0
2025-12-17,07g00,CS2,H6-305,68,68,1,1.0
2025-12-17,07g00,CS2,H6-308,76,76,1,1.0
2025-12-17,07g00,CS2,H6-311,71,71,1,1.0
2025-12-17,07g00,CS2,H6-412,65,65,3,1.0
2025-12-17,07g00,CS2,H6-811,79,79,1,1.0
2025-12-17,07g00,CS2,H6-GD,250,250,1,1.0
2025-12-17,07g00,CS2,H6-810,63,18,3,0.2857142857142857
2025-12-17,13g00,CS1,B1-208,44,44,1,1.0
2025-12-17,13g00,CS1,B1-212,38,38,2,1.0
2025-12-17,13g00,CS1,B1-305,38,38,4,1.0
2025-12-17,13g00,CS1,B1-306,44,44,1,1.0
2025-12-17,13g00,CS1,B1-311,42,42,1,1.0
2025-12-17,13g00,CS1,B4-305,42,42,1,1.0
2025-12-17,13g00,CS1,B4-306,42,42,1,1.0
2025-12-17,13g00,CS1,B4-406,57,57,1,1.0
2025-12-17,13g00,CS1,B4-501,42,42,1,1.0
2025-12-17,13g00,CS1,B4-502,42,42,1,1.0
2025-12-17,13g00,CS1,B4-505,63,63,1,1.0
2025-12-17,13g00,CS1,B5-GD,130,130,1,1.0
2025-12-17,13g00,CS1,B6-306,42,42,1,1.0
2025-12-17,13g00,CS1,C4-301,42,42,1,1.0
2025-12-17,13g00,CS1,C4-304,42,42,1,1.0
2025-12-17,13g00,CS1,C4-402,42,42,1,1.0
2025-12-17,13g00,CS1,C4-403,42,42,1,1.0
2025-12-17,13g00,CS1,C4-502,42,42,1,1.0
2025-12-17,13g00,CS1,C5-303,42,42,1,1.0
2025-12-17,13g00,CS1,C5-401,42,42,1,1.0
2025-12-17,13g00,CS1,C5-403,42,42,1,1.0
2025-12-17,13g00,CS1,C5-502,42,42,1,1.0
2025-12-17,13g00,CS1,C5-503,42,42,2,1.0
2025-12-17,13g00,CS1,C6-102,50,50,1,1.0
2025-12-17,13g00,CS1,C6-103,50,50,1,1.0
2025-12-17,13g00,CS1,C6-401,42,42,2,1.0
2025-12-17,13g00,CS1,C6-402,42,42,1,1.0
2025-12-17,13g00,CS1,C6-403,42,42,1,1.0
2025-12-17,13g00,CS1,B1-308,38,22,5,0.5789473684210527
2025-12-17,13g00,CS2,H1-101,73,73,1,1.0
2025-12-17,13g00,CS2,H1-104,73,73,1,1.0
2025-12-17,13g00,CS2,H1-204,68,68,1,1.0
2025-12-17,13g00,CS2,H1-307,71,71,1,1.0
2025-12-17,13g00,CS2,H1-401,66,66,1,1.0
2025-12-17,13g00,CS2,H1-404,66,66,1,1.0
2025-12-17,13g00,CS2,H1-405,63,63,2,1.0
2025-12-17,13g00,CS2,H2-201,82,82,1,1.0
2025-12-17,13g00,CS2,H2-206,82,82,1,1.0
2025-12-17,13g00,CS2,H2-207,71,71,1,1.0
2025-12-17,13g00,CS2,H2-301,82,82,1,1.0
2025-12-17,13g00,CS2,H2-306,82,82,1,1.0
2025-12-17,13g00,CS2,H2-401,82,82,1,1.0
2025-12-17,13g00,CS2,H2-406,82,82,1,1.0
2025-12-17,13g00,CS2,H3-201,75,75,1,1.0
2025-12-17,13g00,CS2,H3-301,75,75,1,1.0
2025-12-17,13g00,CS2,H3-306,75,75,1,1.0
2025-12-17,13g00,CS2,H3-401,75,75,1,1.0
2025-12-17,13g00,CS2,H3-406,75,75,1,1.0
2025-12-17,13g00,CS2,H3-501,75,75,1,1.0
2025-12-17,13g00,CS2,H3-506,75,75,1,1.0
2025-12-17,13g00,CS2,H6-113,68,68,1,1.0
2025-12-17,13g00,CS2,H6-211,66,66,2,1.0
2025-12-17,13g00,CS2,H6-305,68,68,1,1.0
2025-12-17,13g00,CS2,H6-308,76,76,1,1.0
2025-12-17,13g00,CS2,H6-311,71,71,1,1.0
2025-12-17,13g00,CS2,H6-412,65,65,2,1.0
2025-12-17,13g00,CS2,H6-802,63,63,4,1.0
2025-12-17,13g00,CS2,H6-810,63,63,3,1.0
2025-12-17,13g00,CS2,H6-811,79,79,1,1.0
2025-12-17,13g00,CS2,H6-GD,250,250,1,1.0
2025-12-17,13g00,CS2,H6-405,63,31,5,0.49206349206349204
2025-12-17,15g30,CS1,B5-GD,130,35,1,0.2692307692307692
2025-12-17,15g30,CS2,H6-GD,250,48,1,0.192
2025-12-18,07g00,CS1,B1-208,44,44,1,1.0
2025-12-18,07g00,CS1,B1-306,44,44,1,1.0
2025-12-18,07g00,CS1,B4-406,57,57,1,1.0
2025-12-18,07g00,CS1,B4-501,42,42,2,1.0
2025-12-18,07g00,CS1,B4-502,42,42,1,1.0
2025-12-18,07g00,CS1,B4-505,63,63,1,1.0
2025-12-18,07g00,CS1,B5-GD,130,130,1,1.0
2025-12-18,07g00,CS1,B6-306,42,42,3,1.0
2025-12-18,07g00,CS1,C6-102,50,50,1,1.0
2025-12-18,07g00,CS1,C6-103,50,50,1,1.0
2025-12-18,07g00,CS1,C4-502,42,21,3,0.5
2025-12-18,07g00,CS2,H1-101,73,73,2,1.0
2025-12-18,07g00,CS2,H1-104,73,73,2,1.0
2025-12-18,07g00,CS2,H1-307,71,71,3,1.0
2025-12-18,07g00,CS2,H2-201,82,82,1,1.0
2025-12-18,07g00,CS2,H2-206,82,82,1,1.0
2025-12-18,07g00,CS2,H2-301,82,82,1,1.0
2025-12-18,07g00,CS2,H2-306,82,82,1,1.0
2025-12-18,07g00,CS2,H2-401,82,82,1,1.0
2025-12-18,07g00,CS2,H2-406,82,82,1,1.0
2025-12-18,07g00,CS2,H3-201,75,75,1,1.0
2025-12-18,07g00,CS2,H3-301,75,75,1,1.0
2025-12-18,07g00,CS2,H3-306,75,75,1,1.0
2025-12-18,07g00,CS2,H3-401,75,75,1,1.0
2025-12-18,07g00,CS2,H3-406,75,75,1,1.0
2025-12-18,07g00,CS2,H3-501,75,75,1,1.0
2025-12-18,07g00,CS2,H3-506,75,75,1,1.0
2025-12-18,07g00,CS2,H6-308,76,76,1,1.0
2025-12-18,07g00,CS2,H6-811,79,79,1,1.0
2025-12-18,07g00,CS2,H6-GD,250,250,1,1.0
2025-12-18,07g00,CS2,H2-207,71,19,3,0.2676056338028169
2025-12-18,09g30,CS1,B5-GD,130,129,2,0.9923076923076923
2025-12-18,09g30,CS2,H6-GD,250,250,2,1.0
2025-12-18,09g30,CS2,H2-201,82,14,1,0.17073170731707318
2025-12-18,13g00,CS1,B1-208,44,44,1,1.0
2025-12-18,13g00,CS1,B1-306,44,44,1,1.0
2025-12-18,13g00,CS1,B1-311,42,42,1,1.0
2025-12-18,13g00,CS1,B4-305,42,42,1,1.0
2025-12-18,13g00,CS1,B4-306,42,42,1,1.0
2025-12-18,13g00,CS1,B4-406,57,57,1,1.0
2025-12-18,13g00,CS1,B4-501,42,42,1,1.0
2025-12-18,13g00,CS1,B4-502,42,42,1,1.0
2025-12-18,13g00,CS1,B4-505,63,63,1,1.0
2025-12-18,13g00,CS1,B5-GD,130,130,1,1.0
2025-12-18,13g00,CS1,B6-306,42,42,1,1.0
2025-12-18,13g00,CS1,C4-301,42,42,1,1.0
2025-12-18,13g00,CS1,C4-304,42,42,1,1.0
2025-12-18,13g00,CS1,C4-402,42,42,1,1.0
2025-12-18,13g00,CS1,C4-403,42,42,1,1.0
2025-12-18,13g00,CS1,C4-502,42,42,1,1.0
2025-12-18,13g00,CS1,C5-303,42,42,1,1.0
2025-12-18,13g00,CS1,C5-401,42,42,1,1.0
2025-12-18,13g00,CS1,C5-403,42,42,1,1.0
2025-12-18,13g00,CS1,C5-502,42,42,1,1.0
2025-12-18,13g00,CS1,C5-503,42,42,3,1.0
2025-12-18,13g00,CS1,C6-102,50,50,1,1.0
2025-12-18,13g00,CS1,C6-103,50,50,1,1.0
2025-12-18,13g00,CS1,C6-401,42,42,2,1.0
2025-12-18,13g00,CS1,C6-402,42,42,2,1.0
2025-12-18,13g00,CS1,C6-403,42,42,1,1.0
2025-12-18,13g00,CS1,B1-212,38,33,6,0.868421052631579
2025-12-18,13g00,CS2,H1-101,73,73,1,1.0
2025-12-18,13g00,CS2,H1-104,73,73,1,1.0
2025-12-18,13g00,CS2,H1-204,68,68,2,1.0
2025-12-18,13g00,CS2,H1-307,71,71,1,1.0
2025-12-18,13g00,CS2,H1-401,66,66,5,1.0
2025-12-18,13g00,CS2,H1-404,66,66,3,1.0
2025-12-18,13g00,CS2,H2-201,82,82,1,1.0
2025-12-18,13g00,CS2,H2-206,82,82,1,1.0
2025-12-18,13g00,CS2,H2-207,71,71,1,1.0
2025-12-18,13g00,CS2,H2-301,82,82,1,1.0
2025-12-18,13g00,CS2,H2-306,82,82,1,1.0
2025-12-18,13g00,CS2,H2-401,82,82,1,1.0
2025-12-18,13g00,CS2,H2-406,82,82,1,1.0
2025-12-18,13g00,CS2,H3-201,75,75,1,1.0
2025-12-18,13g00,CS2,H3-301,75,75,1,1.0
2025-12-18,13g00,CS2,H3-306,75,75,1,1.0
2025-12-18,13g00,CS2,H3-401,75,75,1,1.0
2025-12-18,13g00,CS2,H3-406,75,75,1,1.0
2025-12-18,13g00,CS2,H3-501,75,75,1,1.0
2025-12-18,13g00,CS2,H3-506,75,75,1,1.0
2025-12-18,13g00,CS2,H6-113,68,68,2,1.0
2025-12-18,13g00,CS2,H6-305,68,68,1,1.0
2025-12-18,13g00,CS2,H6-308,76,76,1,1.0
2025-12-18,13g00,CS2,H6-311,71,71,1,1.0
2025-12-18,13g00,CS2,H6-811,79,79,1,1.0
2025-12-18,13g00,CS2,H6-GD,250,250,1,1.0
2025-12-18,13g00,CS2,H6-211,66,14,2,0.21212121212121213
2025-12-18,15g30,CS1,B5-GD,130,103,2,0.7923076923076923
2025-12-18,15g30,CS2,H6-GD,250,187,2,0.748
2025-12-19,07g00,CS1,B4-406,57,57,3,1.0
2025-12-19,07g00,CS1,B4-505,63,63,2,1.0
2025-12-19,07g00,CS1,B5-GD,130,130,2,1.0
2025-12-19,07g00,CS1,C6-103,50,40,5,0.8
2025-12-19,07g00,CS2,H2-201,82,82,1,1.0
2025-12-19,07g00,CS2,H2-206,82,82,2,1.0
2025-12-19,07g00,CS2,H2-301,82,82,1,1.0
2025-12-19,07g00,CS2,H2-306,82,82,1,1.0
2025-12-19,07g00,CS2,H2-401,82,82,1,1.0
2025-12-19,07g00,CS2,H2-406,82,82,1,1.0
2025-12-19,07g00,CS2,H3-301,75,75,4,1.0
2025-12-19,07g00,CS2,H3-306,75,75,3,1.0
2025-12-19,07g00,CS2,H3-401,75,75,3,1.0
2025-12-19,07g00,CS2,H3-406,75,75,2,1.0
2025-12-19,07g00,CS2,H3-501,75,75,2,1.0
2025-12-19,07g00,CS2,H3-506,75,75,2,1.0
2025-12-19,07g00,CS2,H6-308,76,76,2,1.0
2025-12-19,07g00,CS2,H6-811,79,79,2,1.0
2025-12-19,07g00,CS2,H6-GD,250,250,1,1.0
2025-12-19,07g00,CS2,H3-201,75,17,3,0.22666666666666666
2025-12-19,09g30,CS1,B1-208,44,44,1,1.0
2025-12-19,09g30,CS1,B1-306,44,44,1,1.0
2025-12-19,09g30,CS1,B1-311,42,42,1,1.0
2025-12-19,09g30,CS1,B4-305,42,42,1,1.0
2025-12-19,09g30,CS1,B4-306,42,42,1,1.0
2025-12-19,09g30,CS1,B4-406,57,57,1,1.0
2025-12-19,09g30,CS1,B4-501,42,42,1,1.0
2025-12-19,09g30,CS1,B4-502,42,42,1,1.0
2025-12-19,09g30,CS1,B4-505,63,63,1,1.0
2025-12-19,09g30,CS1,B5-GD,130,130,1,1.0
2025-12-19,09g30,CS1,B6-306,42,42,1,1.0
2025-12-19,09g30,CS1,C4-301,42,42,1,1.0
2025-12-19,09g30,CS1,C4-304,42,42,1,1.0
2025-12-19,09g30,CS1,C4-402,42,42,1,1.0
2025-12-19,09g30,CS1,C4-403,42,42,1,1.0
2025-12-19,09g30,CS1,C4-502,42,42,1,1.0
2025-12-19,09g30,CS1,C5-303,42,42,1,1.0
2025-12-19,09g30,CS1,C5-401,42,42,1,1.0
2025-12-19,09g30,CS1,C5-403,42,42,1,1.0
2025-12-19,09g30,CS1,C5-502,42,42,1,1.0
2025-12-19,09g30,CS1,C6-102,50,50,1,1.0
2025-12-19,09g30,CS1,C6-103,50,50,1,1.0
2025-12-19,09g30,CS1,C6-401,42,42,2,1.0
2025-12-19,09g30,CS1,C6-402,42,42,1,1.0
2025-12-19,09g30,CS1,C6-403,42,42,1,1.0
2025-12-19,09g30,CS1,C5-503,42,15,1,0.35714285714285715
2025-12-19,09g30,CS2,H1-101,73,73,1,1.0
2025-12-19,09g30,CS2,H1-104,73,73,1,1.0
2025-12-19,09g30,CS2,H1-307,71,71,1,1.0
2025-12-19,09g30,CS2,H2-201,82,82,1,1.0
2025-12-19,09g30,CS2,H2-206,82,82,1,1.0
2025-12-19,09g30,CS2,H2-207,71,71,1,1.0
2025-12-19,09g30,CS2,H2-301,82,82,1,1.0
2025-12-19,09g30,CS2,H2-306,82,82,1,1.0
2025-12-19,09g30,CS2,H2-401,82,82,1,1.0
2025-12-19,09g30,CS2,H2-406,82,82,1,1.0
2025-12-19,09g30,CS2,H3-201,75,75,1,1.0
2025-12-19,09g30,CS2,H3-301,75,75,1,1.0
2025-12-19,09g30,CS2,H3-306,75,75,1,1.0
2025-12-19,09g30,CS2,H3-401,75,75,1,1.0
2025-12-19,09g30,CS2,H3-406,75,75,1,1.0
2025-12-19,09g30,CS2,H3-501,75,75,1,1.0
2025-12-19,09g30,CS2,H3-506,75,75,1,1.0
2025-12-19,09g30,CS2,H6-305,68,68,2,1.0
2025-12-19,09g30,CS2,H6-308,76,76,1,1.0
2025-12-19,09g30,CS2,H6-311,71,71,1,1.0
2025-12-19,09g30,CS2,H6-811,79,79,1,1.0
2025-12-19,09g30,CS2,H6-GD,250,250,1,1.0
2025-12-19,09g30,CS2,H6-113,68,50,2,0.7352941176470589
2025-12-19,13g00,CS1,B1-208,44,44,1,1.0
2025-12-19,13g00,CS1,B1-306,44,44,1,1.0
2025-12-19,13g00,CS1,B4-305,42,42,2,1.0
2025-12-19,13g00,CS1,B4-406,57,57,1,1.0
2025-12-19,13g00,CS1,B4-501,42,42,1,1.0
2025-12-19,13g00,CS1,B4-502,42,42,1,1.0
2025-12-19,13g00,CS1,B4-505,63,63,1,1.0
2025-12-19,13g00,CS1,B5-GD,130,130,1,1.0
2025-12-19,13g00,CS1,B6-306,42,42,1,1.0
2025-12-19,13g00,CS1,C4-301,42,42,2,1.0
2025-12-19,13g00,CS1,C4-304,42,42,3,1.0
2025-12-19,13g00,CS1,C4-502,42,42,1,1.0
2025-12-19,13g00,CS1,C6-102,50,50,1,1.0
2025-12-19,13g00,CS1,C6-103,50,50,1,1.0
2025-12-19,13g00,CS1,C4-402,42,34,4,0.8095238095238095
2025-12-19,13g00,CS2,H1-101,73,73,1,1.0
2025-12-19,13g00,CS2,H1-104,73,73,1,1.0
2025-12-19,13g00,CS2,H1-307,71,71,1,1.0
2025-12-19,13g00,CS2,H2-201,82,82,1,1.0
2025-12-19,13g00,CS2,H2-206,82,82,1,1.0
2025-12-19,13g00,CS2,H2-207,71,71,2,1.0
2025-12-19,13g00,CS2,H2-301,82,82,1,1.0
2025-12-19,13g00,CS2,H2-306,82,82,1,1.0
2025-12-19,13g00,CS2,H2-401,82,82,1,1.0
2025-12-19,13g00,CS2,H2-406,82,82,1,1.0
2025-12-19,13g00,CS2,H3-201,75,75,1,1.0
2025-12-19,13g00,CS2,H3-301,75,75,1,1.0
2025-12-19,13g00,CS2,H3-306,75,75,1,1.0
2025-12-19,13g00,CS2,H3-401,75,75,1,1.0
2025-12-19,13g00,CS2,H3-406,75,75,1,1.0
2025-12-19,13g00,CS2,H3-501,75,75,1,1.0
2025-12-19,13g00,CS2,H3-506,75,75,1,1.0
2025-12-19,13g00,CS2,H6-113,68,68,2,1.0
2025-12-19,13g00,CS2,H6-305,68,68,2,1.0
2025-12-19,13g00,CS2,H6-308,76,76,1,1.0
2025-12-19,13g00,CS2,H6-311,71,71,2,1.0
2025-12-19,13g00,CS2,H6-811,79,79,1,1.0
2025-12-19,13g00,CS2,H6-GD,250,250,1,1.0
2025-12-19,13g00,CS2,H1-204,68,67,5,0.9852941176470589
2025-12-19,15g30,CS1,B5-GD,130,62,1,0.47692307692307695
2025-12-19,15g30,CS2,H6-GD,250,157,1,0.628
2025-12-20,07g00,CS2,H6-GD,250,66,2,0.264
2025-12-20,09g30,CS1,B5-GD,130,19,1,0.14615384615384616
2025-12-20,09g30,CS2,H6-GD,250,50,1,0.2
2025-12-22,07g00,CS1,B1-208,44,44,1,1.0
2025-12-22,07g00,CS1,B1-212,38,38,1,1.0
2025-12-22,07g00,CS1,B1-213,38,38,1,1.0
2025-12-22,07g00,CS1,B1-305,38,38,1,1.0
2025-12-22,07g00,CS1,B1-306,44,44,1,1.0
2025-12-22,07g00,CS1,B1-308,38,38,1,1.0
2025-12-22,07g00,CS1,B1-311,42,42,1,1.0
2025-12-22,07g00,CS1,B10-203,37,37,1,1.0
2025-12-22,07g00,CS1,B4-305,42,42,1,1.0
2025-12-22,07g00,CS1,B4-306,42,42,1,1.0
2025-12-22,07g00,CS1,B4-405,32,32,2,1.0
2025-12-22,07g00,CS1,B4-406,57,57,1,1.0
2025-12-22,07g00,CS1,B4-501,42,42,1,1.0
2025-12-22,07g00,CS1,B4-502,42,42,1,1.0
2025-12-22,07g00,CS1,B4-504,32,32,1,1.0
2025-12-22,07g00,CS1,B4-505,63,63,1,1.0
2025-12-22,07g00,CS1,B5-GD,130,130,1,1.0
2025-12-22,07g00,CS1,B6-302,32,32,1,1.0
2025-12-22,07g00,CS1,B6-303,32,32,1,1.0
2025-12-22,07g00,CS1,B6-304,32,32,1,1.0
2025-12-22,07g00,CS1,B6-305,32,32,1,1.0
2025-12-22,07g00,CS1,B6-306,42,42,1,1.0
2025-12-22,07g00,CS1,B8-301,35,35,1,1.0
2025-12-22,07g00,CS1,B8-303,33,33,1,1.0
2025-12-22,07g00,CS1,B8-304,33,33,1,1.0
2025-12-22,07g00,CS1,B9-201,32,32,1,1.0
2025-12-22,07g00,CS1,C4-301,42,42,1,1.0
2025-12-22,07g00,CS1,C4-304,42,42,1,1.0
2025-12-22,07g00,CS1,C4-402,42,42,1,1.0
2025-12-22,07g00,CS1,C4-403,42,42,1,1.0
2025-12-22,07g00,CS1,C4-502,42,42,1,1.0
2025-12-22,07g00,CS1,C5-303,42,42,1,1.0
2025-12-22,07g00,CS1,C5-401,42,42,1,1.0
2025-12-22,07g00,CS1,C5-403,42,42,1,1.0
2025-12-22,07g00,CS1,C5-502,42,42,1,1.0
2025-12-22,07g00,CS1,C5-503,42,42,1,1.0
2025-12-22,07g00,CS1,C6-102,50,50,1,1.0
2025-12-22,07g00,CS1,C6-103,50,50,1,1.0
2025-12-22,07g00,CS1,C6-401,42,42,1,1.0
2025-12-22,07g00,CS1,C6-402,42,42,1,1.0
2025-12-22,07g00,CS1,C6-403,42,42,1,1.0
2025-12-22,07g00,CS1,B4-403,32,23,3,0.71875
2025-12-22,07g00,CS2,H1-101,73,73,1,1.0
2025-12-22,07g00,CS2,H1-104,73,73,1,1.0
2025-12-22,07g00,CS2,H1-204,68,68,1,1.0
2025-12-22,07g00,CS2,H1-307,71,71,1,1.0
2025-12-22,07g00,CS2,H1-401,66,66,1,1.0
2025-12-22,07g00,CS2,H1-404,66,66,1,1.0
2025-12-22,07g00,CS2,H1-405,63,63,2,1.0
2025-12-22,07g00,CS2,H2-201,82,82,1,1.0
2025-12-22,07g00,CS2,H2-206,82,82,1,1.0
2025-12-22,07g00,CS2,H2-207,71,71,1,1.0
2025-12-22,07g00,CS2,H2-301,82,82,1,1.0
2025-12-22,07g00,CS2,H2-306,82,82,1,1.0
2025-12-22,07g00,CS2,H2-401,82,82,1,1.0
2025-12-22,07g00,CS2,H2-406,82,82,1,1.0
2025-12-22,07g00,CS2,H3-201,75,75,1,1.0
2025-12-22,07g00,CS2,H3-301,75,75,1,1.0
2025-12-22,07g00,CS2,H3-306,75,75,1,1.0
2025-12-22,07g00,CS2,H3-401,75,75,1,1.0
2025-12-22,07g00,CS2,H3-406,75,75,1,1.0
2025-12-22,07g00,CS2,H3-501,75,75,1,1.0
2025-12-22,07g00,CS2,H3-506,75,75,1,1.0
2025-12-22,07g00,CS2,H6-113,68,68,1,1.0
2025-12-22,07g00,CS2,H6-211,66,66,1,1.0
2025-12-22,07g00,CS2,H6-305,68,68,1,1.0
2025-12-22,07g00,CS2,H6-308,76,76,1,1.0
2025-12-22,07g00,CS2,H6-311,71,71,1,1.0
2025-12-22,07g00,CS2,H6-412,65,65,1,1.0
2025-12-22,07g00,CS2,H6-810,63,63,2,1.0
2025-12-22,07g00,CS2,H6-811,79,79,1,1.0
2025-12-22,07g00,CS2,H6-GD,250,250,1,1.0
2025-12-22,07g00,CS2,H6-802,63,3,1,0.047619047619047616
2025-12-22,09g30,CS1,B4-406,57,57,1,1.0
2025-12-22,09g30,CS1,B4-505,63,63,1,1.0
2025-12-22,09g30,CS1,B5-GD,130,130,1,1.0
2025-12-22,09g30,CS1,C6-103,50,50,2,1.0
2025-12-22,09g30,CS1,C6-102,50,28,1,0.56
2025-12-22,09g30,CS2,H1-101,73,73,1,1.0
2025-12-22,09g30,CS2,H1-104,73,73,1,1.0
2025-12-22,09g30,CS2,H1-307,71,71,1,1.0
2025-12-22,09g30,CS2,H2-201,82,82,1,1.0
2025-12-22,09g30,CS2,H2-206,82,82,1,1.0
2025-12-22,09g30,CS2,H2-207,71,71,1,1.0
2025-12-22,09g30,CS2,H2-301,82,82,1,1.0
2025-12-22,09g30,CS2,H2-306,82,82,1,1.0
2025-12-22,09g30,CS2,H2-401,82,82,1,1.0
2025-12-22,09g30,CS2,H2-406,82,82,1,1.0
2025-12-22,09g30,CS2,H3-201,75,75,1,1.0
2025-12-22,09g30,CS2,H3-301,75,75,1,1.0
2025-12-22,09g30,CS2,H3-306,75,75,1,1.0
2025-12-22,09g30,CS2,H3-401,75,75,1,1.0
2025-12-22,09g30,CS2,H3-406,75,75,1,1.0
2025-12-22,09g30,CS2,H3-501,75,75,1,1.0
2025-12-22,09g30,CS2,H3-506,75,75,1,1.0
2025-12-22,09g30,CS2,H6-113,68,68,1,1.0
2025-12-22,09g30,CS2,H6-305,68,68,1,1.0
2025-12-22,09g30,CS2,H6-308,76,76,1,1.0
2025-12-22,09g30,CS2,H6-311,71,71,1,1.0
2025-12-22,09g30,CS2,H6-811,79,79,1,1.0
2025-12-22,09g30,CS2,H6-GD,250,250,1,1.0
2025-12-22,09g30,CS2,H1-204,68,64,3,0.9411764705882353
2025-12-22,13g00,CS1,B1-208,44,44,2,1.0
2025-12-22,13g00,CS1,B1-306,44,44,2,1.0
2025-12-22,13g00,CS1,B4-406,57,57,1,1.0
2025-12-22,13g00,CS1,B4-501,42,42,2,1.0
2025-12-22,13g00,CS1,B4-502,42,42,2,1.0
2025-12-22,13g00,CS1,B4-505,63,63,1,1.0
2025-12-22,13g00,CS1,B5-GD,130,130,1,1.0
2025-12-22,13g00,CS1,B6-306,42,42,3,1.0
2025-12-22,13g00,CS1,C4-502,42,42,3,1.0
2025-12-22,13g00,CS1,C6-102,50,50,1,1.0
2025-12-22,13g00,CS1,C6-103,50,50,1,1.0
2025-12-22,13g00,CS1,B4-305,42,17,3,0.40476190476190477
2025-12-22,13g00,CS2,H2-201,82,82,1,1.0
2025-12-22,13g00,CS2,H2-206,82,82,2,1.0
2025-12-22,13g00,CS2,H2-301,82,82,2,1.0
2025-12-22,13g00,CS2,H2-306,82,82,2,1.0
2025-12-22,13g00,CS2,H2-401,82,82,1,1.0
2025-12-22,13g00,CS2,H2-406,82,82,1,1.0
2025-12-22,13g00,CS2,H3-401,75,75,4,1.0
2025-12-22,13g00,CS2,H3-406,75,75,3,1.0
2025-12-22,13g00,CS2,H3-501,75,75,3,1.0
2025-12-22,13g00,CS2,H3-506,75,75,3,1.0
2025-12-22,13g00,CS2,H6-308,76,76,2,1.0
2025-12-22,13g00,CS2,H6-811,79,79,2,1.0
2025-12-22,13g00,CS2,H6-GD,250,250,2,1.0
2025-12-22,13g00,CS2,H3-306,75,48,5,0.64
2025-12-22,15g30,CS1,B5-GD,130,93,1,0.7153846153846154
2025-12-22,15g30,CS2,H2-201,82,82,1,1.0
2025-12-22,15g30,CS2,H2-206,82,82,1,1.0
2025-12-22,15g30,CS2,H2-301,82,82,1,1.0
2025-12-22,15g30,CS2,H2-306,82,82,1,1.0
2025-12-22,15g30,CS2,H2-401,82,82,1,1.0
2025-12-22,15g30,CS2,H2-406,82,82,1,1.0
2025-12-22,15g30,CS2,H6-308,76,76,1,1.0
2025-12-22,15g30,CS2,H6-811,79,79,1,1.0
2025-12-22,15g30,CS2,H6-GD,250,250,1,1.0
2025-12-22,15g30,CS2,H3-506,75,16,1,0.21333333333333335
2025-12-22,18g15,CS1,B4-406,57,57,4,1.0
2025-12-22,18g15,CS1,B4-505,63,63,3,1.0
2025-12-22,18g15,CS1,B5-GD,130,130,3,1.0
2025-12-22,18g15,CS1,C6-103,50,23,3,0.46
2025-12-23,07g00,CS1,B1-208,44,44,1,1.0
2025-12-23,07g00,CS1,B1-212,38,38,1,1.0
2025-12-23,07g00,CS1,B1-213,38,38,1,1.0
2025-12-23,07g00,CS1,B1-305,38,38,1,1.0
2025-12-23,07g00,CS1,B1-306,44,44,1,1.0
2025-12-23,07g00,CS1,B1-308,38,38,1,1.0
2025-12-23,07g00,CS1,B1-311,42,42,1,1.0
2025-12-23,07g00,CS1,B10-203,37,37,1,1.0
2025-12-23,07g00,CS1,B4-305,42,42,1,1.0
2025-12-23,07g00,CS1,B4-306,42,42,1,1.0
2025-12-23,07g00,CS1,B4-405,32,32,2,1.0
2025-12-23,07g00,CS1,B4-406,57,57,1,1.0
2025-12-23,07g00,CS1,B4-501,42,42,1,1.0
2025-12-23,07g00,CS1,B4-502,42,42,1,1.0
2025-12-23,07g00,CS1,B4-504,32,32,1,1.0
2025-12-23,07g00,CS1,B4-505,63,63,1,1.0
2025-12-23,07g00,CS1,B5-GD,130,130,1,1.0
2025-12-23,07g00,CS1,B6-302,32,32,1,1.0
2025-12-23,07g00,CS1,B6-303,32,32,1,1.0
2025-12-23,07g00,CS1,B6-304,32,32,1,1.0
2025-12-23,07g00,CS1,B6-305,32,32,1,1.0
2025-12-23,07g00,CS1,B6-306,42,42,1,1.0
2025-12-23,07g00,CS1,B8-301,35,35,1,1.0
2025-12-23,07g00,CS1,B8-303,33,33,1,1.0
2025-12-23,07g00,CS1,B8-304,33,33,1,1.0
2025-12-23,07g00,CS1,B9-201,32,32,1,1.0
2025-12-23,07g00,CS1,C4-301,42,42,1,1.0
2025-12-23,07g00,CS1,C4-304,42,42,1,1.0
2025-12-23,07g00,CS1,C4-402,42,42,1,1.0
2025-12-23,07g00,CS1,C4-403,42,42,1,1.0
2025-12-23,07g00,CS1,C4-502,42,42,1,1.0
2025-12-23,07g00,CS1,C5-303,42,42,1,1.0
2025-12-23,07g00,CS1,C5-401,42,42,1,1.0
2025-12-23,07g00,CS1,C5-403,42,42,1,1.0
2025-12-23,07g00,CS1,C5-502,42,42,1,1.0
2025-12-23,07g00,CS1,C5-503,42,42,1,1.0
2025-12-23,07g00,CS1,C6-102,50,50,1,1.0
2025-12-23,07g00,CS1,C6-103,50,50,1,1.0
2025-12-23,07g00,CS1,C6-401,42,42,1,1.0
2025-12-23,07g00,CS1,C6-402,42,42,1,1.0
2025-12-23,07g00,CS1,C6-403,42,42,1,1.0
2025-12-23,07g00,CS1,B4-403,32,13,2,0.40625
2025-12-23,07g00,CS2,H1-101,73,73,1,1.0
2025-12-23,07g00,CS2,H1-104,73,73,1,1.0
2025-12-23,07g00,CS2,H1-204,68,68,1,1.0
2025-12-23,07g00,CS2,H1-307,71,71,1,1.0
2025-12-23,07g00,CS2,H1-401,66,66,2,1.0
2025-12-23,07g00,CS2,H1-404,66,66,1,1.0
2025-12-23,07g00,CS2,H2-201,82,82,1,1.0
2025-12-23,07g00,CS2,H2-206,82,82,1,1.0
2025-12-23,07g00,CS2,H2-207,71,71,1,1.0
2025-12-23,07g00,CS2,H2-301,82,82,1,1.0
2025-12-23,07g00,CS2,H2-306,82,82,1,1.0
2025-12-23,07g00,CS2,H2-401,82,82,1,1.0
2025-12-23,07g00,CS2,H2-406,82,82,1,1.0
2025-12-23,07g00,CS2,H3-201,75,75,1,1.0
2025-12-23,07g00,CS2,H3-301,75,75,1,1.0
2025-12-23,07g00,CS2,H3-306,75,75,1,1.0
2025-12-23,07g00,CS2,H3-401,75,75,1,1.0
2025-12-23,07g00,CS2,H3-406,75,75,1,1.0
2025-12-23,07g00,CS2,H3-501,75,75,1,1.0
2025-12-23,07g00,CS2,H3-506,75,75,1,1.0
2025-12-23,07g00,CS2,H6-113,68,68,1,1.0
2025-12-23,07g00,CS2,H6-211,66,66,2,1.0
2025-12-23,07g00,CS2,H6-305,68,68,1,1.0
2025-12-23,07g00,CS2,H6-308,76,76,1,1.0
2025-12-23,07g00,CS2,H6-311,71,71,1,1.0
2025-12-23,07g00,CS2,H6-811,79,79,1,1.0
2025-12-23,07g00,CS2,H6-GD,250,250,1,1.0
2025-12-23,07g00,CS2,H6-412,65,57,2,0.8769230769230769
2025-12-23,09g30,CS1,B1-208,44,44,1,1.0
2025-12-23,09g30,CS1,B1-306,44,44,1,1.0
2025-12-23,09g30,CS1,B4-406,57,57,1,1.0
2025-12-23,09g30,CS1,B4-501,42,42,1,1.0
2025-12-23,09g30,CS1,B4-502,42,42,1,1.0
2025-12-23,09g30,CS1,B4-505,63,63,1,1.0
2025-12-23,09g30,CS1,B5-GD,130,130,1,1.0
2025-12-23,09g30,CS1,B6-306,42,42,2,1.0
2025-12-23,09g30,CS1,C6-102,50,50,1,1.0
2025-12-23,09g30,CS1,C6-103,50,50,1,1.0
2025-12-23,09g30,CS1,C4-502,42,41,5,0.9761904761904762
2025-12-23,09g30,CS2,H1-101,73,73,1,1.0
2025-12-23,09g30,CS2,H1-104,73,73,1,1.0
2025-12-23,09g30,CS2,H1-204,68,68,1,1.0
2025-12-23,09g30,CS2,H1-307,71,71,1,1.0
2025-12-23,09g30,CS2,H1-401,66,66,1,1.0
2025-12-23,09g30,CS2,H1-404,66,66,1,1.0
2025-12-23,09g30,CS2,H2-201,82,82,1,1.0
2025-12-23,09g30,CS2,H2-206,82,82,1,1.0
2025-12-23,09g30,CS2,H2-207,71,71,1,1.0
2025-12-23,09g30,CS2,H2-301,82,82,1,1.0
2025-12-23,09g30,CS2,H2-306,82,82,1,1.0
2025-12-23,09g30,CS2,H2-401,82,82,1,1.0
2025-12-23,09g30,CS2,H2-406,82,82,1,1.0
2025-12-23,09g30,CS2,H3-201,75,75,1,1.0
2025-12-23,09g30,CS2,H3-301,75,75,1,1.0
2025-12-23,09g30,CS2,H3-306,75,75,1,1.0
2025-12-23,09g30,CS2,H3-401,75,75,1,1.0
2025-12-23,09g30,CS2,H3-406,75,75,1,1.0
2025-12-23,09g30,CS2,H3-501,75,75,1,1.0
2025-12-23,09g30,CS2,H3-506,75,75,1,1.0
2025-12-23,09g30,CS2,H6-113,68,68,1,1.0
2025-12-23,09g30,CS2,H6-211,66,66,1,1.0
2025-12-23,09g30,CS2,H6-305,68,68,1,1.0
2025-12-23,09g30,CS2,H6-308,76,76,1,1.0
2025-12-23,09g30,CS2,H6-311,71,71,1,1.0
2025-12-23,09g30,CS2,H6-811,79,79,1,1.0
2025-12-23,09g30,CS2,H6-GD,250,250,1,1.0
2025-12-23,09g30,CS2,H6-412,65,49,4,0.7538461538461538
2025-12-23,13g00,CS1,B4-406,57,57,2,1.0
2025-12-23,13g00,CS1,B4-505,63,63,2,1.0
2025-12-23,13g00,CS1,B5-GD,130,130,3,1.0
2025-12-23,13g00,CS1,C6-102,50,50,3,1.0
2025-12-23,13g00,CS1,C6-103,50,50,2,1.0
2025-12-23,13g00,CS1,B1-208,44,34,3,0.7727272727272727
2025-12-23,13g00,CS2,H2-201,82,82,1,1.0
2025-12-23,13g00,CS2,H2-206,82,82,1,1.0
2025-12-23,13g00,CS2,H2-301,82,82,1,1.0
2025-12-23,13g00,CS2,H2-306,82,82,1,1.0
2025-12-23,13g00,CS2,H2-401,82,82,1,1.0
2025-12-23,13g00,CS2,H2-406,82,82,1,1.0
2025-12-23,13g00,CS2,H3-406,75,75,4,1.0
2025-12-23,13g00,CS2,H3-501,75,75,3,1.0
2025-12-23,13g00,CS2,H3-506,75,75,2,1.0
2025-12-23,13g00,CS2,H6-308,76,76,2,1.0
2025-12-23,13g00,CS2,H6-811,79,79,2,1.0
2025-12-23,13g00,CS2,H6-GD,250,250,1,1.0
2025-12-23,13g00,CS2,H3-401,75,60,4,0.8
2025-12-23,15g30,CS1,B5-GD,130,75,1,0.5769230769230769
2025-12-23,15g30,CS2,H6-GD,250,136,1,0.544
2025-12-23,18g15,CS1,B4-406,57,57,3,1.0
2025-12-23,18g15,CS1,B4-505,63,63,2,1.0
2025-12-23,18g15,CS1,B5-GD,130,130,1,1.0
2025-12-23,18g15,CS1,C6-103,50,37,4,0.74
2025-12-24,07g00,CS1,B1-208,44,44,1,1.0
2025-12-24,07g00,CS1,B1-212,38,38,1,1.0
2025-12-24,07g00,CS1,B1-213,38,38,1,1.0
2025-12-24,07g00,CS1,B1-305,38,38,1,1.0
2025-12-24,07g00,CS1,B1-306,44,44,1,1.0
2025-12-24,07g00,CS1,B1-308,38,38,1,1.0
2025-12-24,07g00,CS1,B1-311,42,42,1,1.0
2025-12-24,07g00,CS1,B10-203,37,37,1,1.0
2025-12-24,07g00,CS1,B4-305,42,42,1,1.0
2025-12-24,07g00,CS1,B4-306,42,42,1,1.0
2025-12-24,07g00,CS1,B4-406,57,57,1,1.0
2025-12-24,07g00,CS1,B4-501,42,42,1,1.0
2025-12-24,07g00,CS1,B4-502,42,42,1,1.0
2025-12-24,07g00,CS1,B4-505,63,63,1,1.0
2025-12-24,07g00,CS1,B5-GD,130,130,1,1.0
2025-12-24,07g00,CS1,B6-306,42,42,1,1.0
2025-12-24,07g00,CS1,B8-301,35,35,2,1.0
2025-12-24,07g00,CS1,B8-303,33,33,4,1.0
2025-12-24,07g00,CS1,C4-301,42,42,1,1.0
2025-12-24,07g00,CS1,C4-304,42,42,1,1.0
2025-12-24,07g00,CS1,C4-402,42,42,1,1.0
2025-12-24,07g00,CS1,C4-403,42,42,1,1.0
2025-12-24,07g00,CS1,C4-502,42,42,1,1.0
2025-12-24,07g00,CS1,C5-303,42,42,1,1.0
2025-12-24,07g00,CS1,C5-401,42,42,1,1.0
2025-12-24,07g00,CS1,C5-403,42,42,1,1.0
2025-12-24,07g00,CS1,C5-502,42,42,1,1.0
2025-12-24,07g00,CS1,C5-503,42,42,1,1.0
2025-12-24,07g00,CS1,C6-102,50,50,1,1.0
2025-12-24,07g00,CS1,C6-103,50,50,1,1.0
2025-12-24,07g00,CS1,C6-401,42,42,1,1.0
2025-12-24,07g00,CS1,C6-402,42,42,1,1.0
2025-12-24,07g00,CS1,C6-403,42,42,1,1.0
2025-12-24,07g00,CS1,B8-304,33,19,4,0.5757575757575758
2025-12-24,07g00,CS2,H1-101,73,73,1,1.0
2025-12-24,07g00,CS2,H1-104,73,73,1,1.0
2025-12-24,07g00,CS2,H1-204,68,68,1,1.0
2025-12-24,07g00,CS2,H1-307,71,71,1,1.0
2025-12-24,07g00,CS2,H1-401,66,66,1,1.0
2025-12-24,07g00,CS2,H1-404,66,66,1,1.0
2025-12-24,07g00,CS2,H1-405,63,63,1,1.0
2025-12-24,07g00,CS2,H2-201,82,82,1,1.0
2025-12-24,07g00,CS2,H2-206,82,82,1,1.0
2025-12-24,07g00,CS2,H2-207,71,71,1,1.0
2025-12-24,07g00,CS2,H2-301,82,82,1,1.0
2025-12-24,07g00,CS2,H2-306,82,82,1,1.0
2025-12-24,07g00,CS2,H2-401,82,82,1,1.0
2025-12-24,07g00,CS2,H2-406,82,82,1,1.0
2025-12-24,07g00,CS2,H3-201,75,75,1,1.0
2025-12-24,07g00,CS2,H3-301,75,75,1,1.0
2025-12-24,07g00,CS2,H3-306,75,75,1,1.0
2025-12-24,07g00,CS2,H3-401,75,75,1,1.0
2025-12-24,07g00,CS2,H3-406,75,75,1,1.0
2025-12-24,07g00,CS2,H3-501,75,75,1,1.0
2025-12-24,07g00,CS2,H3-506,75,75,1,1.0
2025-12-24,07g00,CS2,H3-606,63,63,3,1.0
2025-12-24,07g00,CS2,H6-113,68,68,1,1.0
2025-12-24,07g00,CS2,H6-201,63,63,3,1.0
2025-12-24,07g00,CS2,H6-205,62,62,4,1.0
2025-12-24,07g00,CS2,H6-211,66,66,1,1.0
2025-12-24,07g00,CS2,H6-305,68,68,1,1.0
2025-12-24,07g00,CS2,H6-308,76,76,1,1.0
2025-12-24,07g00,CS2,H6-311,71,71,1,1.0
2025-12-24,07g00,CS2,H6-405,63,63,2,1.0
2025-12-24,07g00,CS2,H6-412,65,65,1,1.0
2025-12-24,07g00,CS2,H6-802,63,63,1,1.0
2025-12-24,07g00,CS2,H6-810,63,63,1,1.0
2025-12-24,07g00,CS2,H6-811,79,79,1,1.0
2025-12-24,07g00,CS2,H6-GD,250,250,1,1.0
2025-12-24,07g00,CS2,H2-205,62,41,5,0.6612903225806451
2025-12-24,09g30,CS1,B4-406,57,57,2,1.0
2025-12-24,09g30,CS1,B4-505,63,63,1,1.0
2025-12-24,09g30,CS1,B5-GD,130,130,1,1.0
2025-12-24,09g30,CS1,C6-103,50,50,2,1.0
2025-12-24,09g30,CS1,C6-102,50,23,4,0.46
2025-12-24,09g30,CS2,H2-201,82,82,3,1.0
2025-12-24,09g30,CS2,H2-406,82,82,4,1.0
2025-12-24,09g30,CS2,H6-GD,250,250,5,1.0
2025-12-24,09g30,CS2,H2-401,82,34,3,0.4146341463414634
2025-12-24,13g00,CS1,B1-208,44,44,1,1.0
2025-12-24,13g00,CS1,B1-306,44,44,1,1.0
2025-12-24,13g00,CS1,B1-311,42,42,1,1.0
2025-12-24,13g00,CS1,B4-305,42,42,1,1.0
2025-12-24,13g00,CS1,B4-306,42,42,1,1.0
2025-12-24,13g00,CS1,B4-406,57,57,1,1.0
2025-12-24,13g00,CS1,B4-501,42,42,1,1.0
2025-12-24,13g00,CS1,B4-502,42,42,1,1.0
2025-12-24,13g00,CS1,B4-505,63,63,1,1.0
2025-12-24,13g00,CS1,B5-GD,130,130,1,1.0
2025-12-24,13g00,CS1,B6-306,42,42,1,1.0
2025-12-24,13g00,CS1,C4-301,42,42,1,1.0
2025-12-24,13g00,CS1,C4-304,42,42,1,1.0
2025-12-24,13g00,CS1,C4-402,42,42,1,1.0
2025-12-24,13g00,CS1,C4-403,42,42,1,1.0
2025-12-24,13g00,CS1,C4-502,42,42,1,1.0
2025-12-24,13g00,CS1,C5-303,42,42,3,1.0
2025-12-24,13g00,CS1,C6-102,50,50,1,1.0
2025-12-24,13g00,CS1,C6-103,50,50,1,1.0
2025-12-24,13g00,CS1,C5-401,42,16,1,0.38095238095238093
2025-12-24,13g00,CS2,H1-101,73,73,1,1.0
2025-12-24,13g00,CS2,H1-104,73,73,1,1.0
2025-12-24,13g00,CS2,H1-204,68,68,1,1.0
2025-12-24,13g00,CS2,H1-307,71,71,1,1.0
2025-12-24,13g00,CS2,H1-401,66,66,1,1.0
2025-12-24,13g00,CS2,H1-404,66,66,1,1.0
2025-12-24,13g00,CS2,H1-405,63,63,1,1.0
2025-12-24,13g00,CS2,H2-201,82,82,1,1.0
2025-12-24,13g00,CS2,H2-206,82,82,1,1.0
2025-12-24,13g00,CS2,H2-207,71,71,1,1.0
2025-12-24,13g00,CS2,H2-301,82,82,1,1.0
2025-12-24,13g00,CS2,H2-306,82,82,1,1.0
2025-12-24,13g00,CS2,H2-401,82,82,1,1.0
2025-12-24,13g00,CS2,H2-406,82,82,1,1.0
2025-12-24,13g00,CS2,H3-201,75,75,1,1.0
2025-12-24,13g00,CS2,H3-301,75,75,1,1.0
2025-12-24,13g00,CS2,H3-306,75,75,1,1.0
2025-12-24,13g00,CS2,H3-401,75,75,1,1.0
2025-12-24,13g00,CS2,H3-406,75,75,1,1.0
2025-12-24,13g00,CS2,H3-501,75,75,1,1.0
2025-12-24,13g00,CS2,H3-506,75,75,1,1.0
2025-12-24,13g00,CS2,H6-113,68,68,1,1.0
2025-12-24,13g00,CS2,H6-211,66,66,1,1.0
2025-12-24,13g00,CS2,H6-305,68,68,1,1.0
2025-12-24,13g00,CS2,H6-308,76,76,1,1.0
2025-12-24,13g00,CS2,H6-311,71,71,1,1.0
2025-12-24,13g00,CS2,H6-405,63,63,2,1.0
2025-12-24,13g00,CS2,H6-412,65,65,1,1.0
2025-12-24,13g00,CS2,H6-802,63,63,2,1.0
2025-12-24,13g00,CS2,H6-810,63,63,2,1.0
2025-12-24,13g00,CS2,H6-811,79,79,1,1.0
2025-12-24,13g00,CS2,H6-GD,250,250,1,1.0
2025-12-24,13g00,CS2,H6-201,63,26,2,0.4126984126984127
2025-12-24,15g30,CS1,B4-406,57,57,2,1.0
2025-12-24,15g30,CS1,B4-505,63,63,1,1.0
2025-12-24,15g30,CS1,B5-GD,130,130,1,1.0
2025-12-24,15g30,CS1,C6-103,50,50,2,1.0
2025-12-24,15g30,CS1,C6-102,50,12,1,0.24
2025-12-24,15g30,CS2,H6-GD,250,226,2,0.904
2025-12-24,18g15,CS1,B1-208,44,44,3,1.0
2025-12-24,18g15,CS1,B4-406,57,57,2,1.0
2025-12-24,18g15,CS1,B4-505,63,63,1,1.0
2025-12-24,18g15,CS1,B5-GD,130,130,2,1.0
2025-12-24,18g15,CS1,C6-102,50,50,2,1.0
2025-12-24,18g15,CS1,C6-103,50,50,2,1.0
2025-12-24,18g15,CS1,B1-306,44,36,4,0.8181818181818182
2025-12-25,07g00,CS1,B1-208,44,44,1,1.0
2025-12-25,07g00,CS1,B1-212,38,38,2,1.0
2025-12-25,07g00,CS1,B1-213,38,38,2,1.0
2025-12-25,07g00,CS1,B1-305,38,38,2,1.0
2025-12-25,07g00,CS1,B1-306,44,44,1,1.0
2025-12-25,07g00,CS1,B1-308,38,38,2,1.0
2025-12-25,07g00,CS1,B1-311,42,42,1,1.0
2025-12-25,07g00,CS1,B10-203,37,37,3,1.0
2025-12-25,07g00,CS1,B4-305,42,42,1,1.0
2025-12-25,07g00,CS1,B4-306,42,42,1,1.0
2025-12-25,07g00,CS1,B4-406,57,57,1,1.0
2025-12-25,07g00,CS1,B4-501,42,42,1,1.0
2025-12-25,07g00,CS1,B4-502,42,42,1,1.0
2025-12-25,07g00,CS1,B4-505,63,63,1,1.0
2025-12-25,07g00,CS1,B5-GD,130,130,1,1.0
2025-12-25,07g00,CS1,B6-306,42,42,1,1.0
2025-12-25,07g00,CS1,C4-301,42,42,1,1.0
2025-12-25,07g00,CS1,C4-304,42,42,1,1.0
2025-12-25,07g00,CS1,C4-402,42,42,1,1.0
2025-12-25,07g00,CS1,C4-403,42,42,1,1.0
2025-12-25,07g00,CS1,C4-502,42,42,1,1.0
2025-12-25,07g00,CS1,C5-303,42,42,1,1.0
2025-12-25,07g00,CS1,C5-401,42,42,1,1.0
2025-12-25,07g00,CS1,C5-403,42,42,1,1.0
2025-12-25,07g00,CS1,C5-502,42,42,1,1.0
2025-12-25,07g00,CS1,C5-503,42,42,2,1.0
2025-12-25,07g00,CS1,C6-102,50,50,1,1.0
2025-12-25,07g00,CS1,C6-103,50,50,1,1.0
2025-12-25,07g00,CS1,C6-401,42,42,1,1.0
2025-12-25,07g00,CS1,C6-402,42,42,1,1.0
2025-12-25,07g00,CS1,C6-403,42,42,1,1.0
2025-12-25,07g00,CS1,B8-301,35,20,5,0.5714285714285714
2025-12-25,07g00,CS2,H1-101,73,73,1,1.0
2025-12-25,07g00,CS2,H1-104,73,73,1,1.0
2025-12-25,07g00,CS2,H1-204,68,68,2,1.0
2025-12-25,07g00,CS2,H1-307,71,71,2,1.0
2025-12-25,07g00,CS2,H1-401,66,66,2,1.0
2025-12-25,07g00,CS2,H1-404,66,66,2,1.0
2025-12-25,07g00,CS2,H1-405,63,63,4,1.0
2025-12-25,07g00,CS2,H2-201,82,82,1,1.0
2025-12-25,07g00,CS2,H2-206,82,82,1,1.0
2025-12-25,07g00,CS2,H2-207,71,71,2,1.0
2025-12-25,07g00,CS2,H2-301,82,82,1,1.0
2025-12-25,07g00,CS2,H2-306,82,82,1,1.0
2025-12-25,07g00,CS2,H2-401,82,82,1,1.0
2025-12-25,07g00,CS2,H2-406,82,82,1,1.0
2025-12-25,07g00,CS2,H3-201,75,75,1,1.0
2025-12-25,07g00,CS2,H3-301,75,75,1,1.0
2025-12-25,07g00,CS2,H3-306,75,75,1,1.0
2025-12-25,07g00,CS2,H3-401,75,75,1,1.0
2025-12-25,07g00,CS2,H3-406,75,75,1,1.0
2025-12-25,07g00,CS2,H3-501,75,75,1,1.0
2025-12-25,07g00,CS2,H3-506,75,75,1,1.0
2025-12-25,07g00,CS2,H6-113,68,68,2,1.0
2025-12-25,07g00,CS2,H6-211,66,66,3,1.0
2025-12-25,07g00,CS2,H6-305,68,68,2,1.0
2025-12-25,07g00,CS2,H6-308,76,76,1,1.0
2025-12-25,07g00,CS2,H6-311,71,71,2,1.0
2025-12-25,07g00,CS2,H6-412,65,65,3,1.0
2025-12-25,07g00,CS2,H6-811,79,79,1,1.0
2025-12-25,07g00,CS2,H6-GD,250,250,1,1.0
2025-12-25,07g00,CS2,H6-810,63,30,4,0.47619047619047616
2025-12-25,09g30,CS1,B5-GD,130,130,2,1.0
2025-12-25,09g30,CS1,B4-505,63,49,1,0.7777777777777778
2025-12-25,09g30,CS2,H2-201,82,82,1,1.0
2025-12-25,09g30,CS2,H2-406,82,82,1,1.0
2025-12-25,09g30,CS2,H6-GD,250,250,2,1.0
2025-12-25,09g30,CS2,H2-401,82,7,1,0.08536585365853659
2025-12-25,13g00,CS1,B4-406,57,57,2,1.0
2025-12-25,13g00,CS1,B4-505,63,63,2,1.0
2025-12-25,13g00,CS1,B5-GD,130,130,3,1.0
2025-12-25,13g00,CS1,C6-103,50,50,2,1.0
2025-12-25,13g00,CS1,C6-102,50,46,3,0.92
2025-12-25,13g00,CS2,H2-201,82,82,1,1.0
2025-12-25,13g00,CS2,H2-206,82,82,4,1.0
2025-12-25,13g00,CS2,H2-301,82,82,2,1.0
2025-12-25,13g00,CS2,H2-306,82,82,2,1.0
2025-12-25,13g00,CS2,H2-401,82,82,1,1.0
2025-12-25,13g00,CS2,H2-406,82,82,1,1.0
2025-12-25,13g00,CS2,H6-GD,250,250,2,1.0
2025-12-25,13g00,CS2,H6-811,79,6,1,0.0759493670886076
2025-12-25,15g30,CS1,B4-406,57,57,2,1.0
2025-12-25,15g30,CS1,B4-505,63,63,1,1.0
2025-12-25,15g30,CS1,B5-GD,130,130,1,1.0
2025-12-25,15g30,CS1,C6-103,50,22,1,0.44
2025-12-25,15g30,CS2,H6-GD,250,73,1,0.292
2025-12-25,18g15,CS1,B4-406,57,57,3,1.0
2025-12-25,18g15,CS1,B4-505,63,63,2,1.0
2025-12-25,18g15,CS1,B5-GD,130,130,2,1.0
2025-12-25,18g15,CS1,C6-103,50,36,4,0.72
2025-12-26,07g00,CS1,B1-208,44,44,1,1.0
2025-12-26,07g00,CS1,B1-212,38,38,2,1.0
2025-12-26,07g00,CS1,B1-305,38,38,3,1.0
2025-12-26,07g00,CS1,B1-306,44,44,1,1.0
2025-12-26,07g00,CS1,B1-311,42,42,1,1.0
2025-12-26,07g00,CS1,B4-305,42,42,1,1.0
2025-12-26,07g00,CS1,B4-306,42,42,1,1.0
2025-12-26,07g00,CS1,B4-406,57,57,1,1.0
2025-12-26,07g00,CS1,B4-501,42,42,1,1.0
2025-12-26,07g00,CS1,B4-502,42,42,1,1.0
2025-12-26,07g00,CS1,B4-505,63,63,1,1.0
2025-12-26,07g00,CS1,B5-GD,130,130,1,1.0
2025-12-26,07g00,CS1,B6-306,42,42,1,1.0
2025-12-26,07g00,CS1,C4-301,42,42,1,1.0
2025-12-26,07g00,CS1,C4-304,42,42,1,1.0
2025-12-26,07g00,CS1,C4-402,42,42,1,1.0
2025-12-26,07g00,CS1,C4-403,42,42,1,1.0
2025-12-26,07g00,CS1,C4-502,42,42,1,1.0
2025-12-26,07g00,CS1,C5-303,42,42,1,1.0
2025-12-26,07g00,CS1,C5-401,42,42,1,1.0
2025-12-26,07g00,CS1,C5-403,42,42,1,1.0
2025-12-26,07g00,CS1,C5-502,42,42,1,1.0
2025-12-26,07g00,CS1,C5-503,42,42,2,1.0
2025-12-26,07g00,CS1,C6-102,50,50,1,1.0
2025-12-26,07g00,CS1,C6-103,50,50,1,1.0
2025-12-26,07g00,CS1,C6-401,42,42,1,1.0
2025-12-26,07g00,CS1,C6-402,42,42,1,1.0
2025-12-26,07g00,CS1,C6-403,42,42,1,1.0
2025-12-26,07g00,CS1,B1-308,38,4,1,0.10526315789473684
2025-12-26,07g00,CS2,H1-101,73,73,1,1.0
2025-12-26,07g00,CS2,H1-104,73,73,1,1.0
2025-12-26,07g00,CS2,H1-204,68,68,1,1.0
2025-12-26,07g00,CS2,H1-307,71,71,1,1.0
2025-12-26,07g00,CS2,H1-401,66,66,1,1.0
2025-12-26,07g00,CS2,H1-404,66,66,1,1.0
2025-12-26,07g00,CS2,H1-405,63,63,1,1.0
2025-12-26,07g00,CS2,H2-201,82,82,1,1.0
2025-12-26,07g00,CS2,H2-206,82,82,1,1.0
2025-12-26,07g00,CS2,H2-207,71,71,1,1.0
2025-12-26,07g00,CS2,H2-301,82,82,1,1.0
2025-12-26,07g00,CS2,H2-306,82,82,1,1.0
2025-12-26,07g00,CS2,H2-401,82,82,1,1.0
2025-12-26,07g00,CS2,H2-406,82,82,1,1.0
2025-12-26,07g00,CS2,H3-201,75,75,1,1.0
2025-12-26,07g00,CS2,H3-301,75,75,1,1.0
2025-12-26,07g00,CS2,H3-306,75,75,1,1.0
2025-12-26,07g00,CS2,H3-401,75,75,1,1.0
2025-12-26,07g00,CS2,H3-406,75,75,1,1.0
2025-12-26,07g00,CS2,H3-501,75,75,1,1.0
2025-12-26,07g00,CS2,H3-506,75,75,1,1.0
2025-12-26,07g00,CS2,H6-113,68,68,1,1.0
2025-12-26,07g00,CS2,H6-211,66,66,1,1.0
2025-12-26,07g00,CS2,H6-305,68,68,1,1.0
2025-12-26,07g00,CS2,H6-308,76,76,1,1.0
2025-12-26,07g00,CS2,H6-311,71,71,1,1.0
2025-12-26,07g00,CS2,H6-405,63,63,3,1.0
2025-12-26,07g00,CS2,H6-412,65,65,1,1.0
2025-12-26,07g00,CS2,H6-802,63,63,2,1.0
2025-12-26,07g00,CS2,H6-810,63,63,2,1.0
2025-12-26,07g00,CS2,H6-811,79,79,1,1.0
2025-12-26,07g00,CS2,H6-GD,250,250,1,1.0
2025-12-26,07g00,CS2,H6-201,63,30,3,0.47619047619047616
2025-12-26,09g30,CS1,B1-208,44,44,1,1.0
2025-12-26,09g30,CS1,B1-306,44,44,2,1.0
2025-12-26,09g30,CS1,B4-406,57,57,1,1.0
2025-12-26,09g30,CS1,B4-501,42,42,2,1.0
2025-12-26,09g30,CS1,B4-502,42,42,2,1.0
2025-12-26,09g30,CS1,B4-505,63,63,1,1.0
2025-12-26,09g30,CS1,B5-GD,130,130,1,1.0
2025-12-26,09g30,CS1,B6-306,42,42,3,1.0
2025-12-26,09g30,CS1,C4-502,42,42,4,1.0
2025-12-26,09g30,CS1,C6-102,50,50,1,1.0
2025-12-26,09g30,CS1,C6-103,50,50,1,1.0
2025-12-26,09g30,CS1,B4-305,42,9,1,0.21428571428571427
2025-12-26,09g30,CS2,H2-201,82,82,1,1.0
2025-12-26,09g30,CS2,H2-301,82,82,3,1.0
2025-12-26,09g30,CS2,H2-306,82,82,2,1.0
2025-12-26,09g30,CS2,H2-401,82,82,2,1.0
2025-12-26,09g30,CS2,H2-406,82,82,1,1.0
2025-12-26,09g30,CS2,H6-GD,250,250,2,1.0
2025-12-26,09g30,CS2,H2-206,82,44,5,0.5365853658536586
2025-12-26,13g00,CS1,B1-208,44,44,3,1.0
2025-12-26,13g00,CS1,B4-406,57,57,1,1.0
2025-12-26,13g00,CS1,B4-505,63,63,1,1.0
2025-12-26,13g00,CS1,B5-GD,130,130,1,1.0
2025-12-26,13g00,CS1,C6-102,50,50,2,1.0
2025-12-26,13g00,CS1,C6-103,50,50,1,1.0
2025-12-26,13g00,CS1,B1-306,44,23,4,0.5227272727272727
2025-12-26,13g00,CS2,H1-101,73,73,1,1.0
2025-12-26,13g00,CS2,H1-104,73,73,1,1.0
2025-12-26,13g00,CS2,H1-204,68,68,1,1.0
2025-12-26,13g00,CS2,H1-307,71,71,1,1.0
2025-12-26,13g00,CS2,H1-401,66,66,1,1.0
2025-12-26,13g00,CS2,H1-404,66,66,1,1.0
2025-12-26,13g00,CS2,H1-405,63,63,1,1.0
2025-12-26,13g00,CS2,H2-201,82,82,1,1.0
2025-12-26,13g00,CS2,H2-206,82,82,1,1.0
2025-12-26,13g00,CS2,H2-207,71,71,1,1.0
2025-12-26,13g00,CS2,H2-301,82,82,1,1.0
2025-12-26,13g00,CS2,H2-306,82,82,1,1.0
2025-12-26,13g00,CS2,H2-401,82,82,1,1.0
2025-12-26,13g00,CS2,H2-406,82,82,1,1.0
2025-12-26,13g00,CS2,H3-201,75,75,1,1.0
2025-12-26,13g00,CS2,H3-301,75,75,1,1.0
2025-12-26,13g00,CS2,H3-306,75,75,1,1.0
2025-12-26,13g00,CS2,H3-401,75,75,1,1.0
2025-12-26,13g00,CS2,H3-406,75,75,1,1.0
2025-12-26,13g00,CS2,H3-501,75,75,1,1.0
2025-12-26,13g00,CS2,H3-506,75,75,1,1.0
2025-12-26,13g00,CS2,H6-113,68,68,1,1.0
2025-12-26,13g00,CS2,H6-201,63,63,4,1.0
2025-12-26,13g00,CS2,H6-211,66,66,1,1.0
2025-12-26,13g00,CS2,H6-305,68,68,1,1.0
2025-12-26,13g00,CS2,H6-308,76,76,1,1.0
2025-12-26,13g00,CS2,H6-311,71,71,1,1.0
2025-12-26,13g00,CS2,H6-405,63,63,3,1.0
2025-12-26,13g00,CS2,H6-412,65,65,1,1.0
2025-12-26,13g00,CS2,H6-802,63,63,2,1.0
2025-12-26,13g00,CS2,H6-810,63,63,2,1.0
2025-12-26,13g00,CS2,H6-811,79,79,1,1.0
2025-12-26,13g00,CS2,H6-GD,250,250,1,1.0
2025-12-26,13g00,CS2,H3-606,63,8,3,0.12698412698412698
2025-12-26,15g30,CS1,B4-505,63,63,2,1.0
2025-12-26,15g30,CS1,B5-GD,130,130,1,1.0
2025-12-26,15g30,CS1,B4-406,57,23,1,0.40350877192982454
2025-12-26,15g30,CS2,H6-GD,250,124,1,0.496
2025-12-26,18g15,CS1,B5-GD,130,93,5,0.7153846153846154
2025-12-27,07g00,CS1,B5-GD,130,78,2,0.6
2025-12-27,07g00,CS2,H2-201,82,82,1,1.0
2025-12-27,07g00,CS2,H2-206,82,82,1,1.0
2025-12-27,07g00,CS2,H2-301,82,82,1,1.0
2025-12-27,07g00,CS2,H2-306,82,82,1,1.0
2025-12-27,07g00,CS2,H2-401,82,82,1,1.0
2025-12-27,07g00,CS2,H2-406,82,82,1,1.0
2025-12-27,07g00,CS2,H3-501,75,75,1,1.0
2025-12-27,07g00,CS2,H3-506,75,75,1,1.0
2025-12-27,07g00,CS2,H6-308,76,76,1,1.0
2025-12-27,07g00,CS2,H6-811,79,79,1,1.0
2025-12-27,07g00,CS2,H6-GD,250,250,1,1.0
2025-12-27,07g00,CS2,H3-406,75,66,1,0.88
2025-12-27,09g30,CS1,B4-406,57,57,1,1.0
2025-12-27,09g30,CS1,B4-505,63,63,1,1.0
2025-12-27,09g30,CS1,B5-GD,130,130,1,1.0
2025-12-27,09g30,CS1,C6-102,50,50,2,1.0
2025-12-27,09g30,CS1,C6-103,50,50,1,1.0
2025-12-27,09g30,CS1,B1-208,44,5,1,0.11363636363636363
2025-12-27,09g30,CS2,H2-201,82,82,1,1.0
2025-12-27,09g30,CS2,H2-401,82,82,2,1.0
2025-12-27,09g30,CS2,H2-406,82,82,1,1.0
2025-12-27,09g30,CS2,H6-GD,250,250,1,1.0
2025-12-27,09g30,CS2,H2-306,82,1,1,0.012195121951219513
2025-12-27,13g00,CS1,B4-406,57,57,4,1.0
2025-12-27,13g00,CS1,B4-505,63,63,4,1.0
2025-12-27,13g00,CS1,B5-GD,130,130,2,1.0
2025-12-27,13g00,CS1,C6-103,50,21,3,0.42
2025-12-27,13g00,CS2,H2-201,82,82,1,1.0
2025-12-27,13g00,CS2,H2-406,82,82,2,1.0
2025-12-27,13g00,CS2,H6-GD,250,250,1,1.0
2025-12-27,13g00,CS2,H2-401,82,39,2,0.47560975609756095
2025-12-27,15g30,CS1,B5-GD,130,130,2,1.0
2025-12-27,15g30,CS1,B4-505,63,39,1,0.6190476190476191
2025-12-27,15g30,CS2,H6-GD,250,250,1,1.0
2025-12-27,15g30,CS2,H2-201,82,32,1,0.3902439024390244
2025-12-28,07g00,CS1,B5-GD,130,127,1,0.9769230769230769
2025-12-28,07g00,CS2,H6-GD,250,159,1,0.636
2025-12-28,09g30,CS1,B1-208,44,44,1,1.0
2025-12-28,09g30,CS1,B1-306,44,44,1,1.0
2025-12-28,09g30,CS1,B4-406,57,57,1,1.0
2025-12-28,09g30,CS1,B4-505,63,63,1,1.0
2025-12-28,09g30,CS1,B5-GD,130,130,1,1.0
2025-12-28,09g30,CS1,C6-102,50,50,1,1.0
2025-12-28,09g30,CS1,C6-103,50,50,1,1.0
2025-12-28,09g30,CS1,B4-502,42,24,1,0.5714285714285714
2025-12-28,13g00,CS1,B1-208,44,44,1,1.0
2025-12-28,13g00,CS1,B1-306,44,44,1,1.0
2025-12-28,13g00,CS1,B4-406,57,57,1,1.0
2025-12-28,13g00,CS1,B4-501,42,42,2,1.0
2025-12-28,13g00,CS1,B4-502,42,42,1,1.0
2025-12-28,13g00,CS1,B4-505,63,63,1,1.0
2025-12-28,13g00,CS1,B5-GD,130,130,1,1.0
2025-12-28,13g00,CS1,B6-306,42,42,2,1.0
2025-12-28,13g00,CS1,C6-102,50,50,1,1.0
2025-12-28,13g00,CS1,C6-103,50,50,1,1.0
2025-12-28,13g00,CS1,C4-502,42,2,1,0.047619047619047616
2025-12-28,13g00,CS2,H2-201,82,82,1,1.0
2025-12-28,13g00,CS2,H2-206,82,82,2,1.0
2025-12-28,13g00,CS2,H2-301,82,82,1,1.0
2025-12-28,13g00,CS2,H2-306,82,82,1,1.0
2025-12-28,13g00,CS2,H2-401,82,82,1,1.0
2025-12-28,13g00,CS2,H2-406,82,82,1,1.0
2025-12-28,13g00,CS2,H6-GD,250,250,1,1.0
2025-12-28,13g00,CS2,H6-811,79,13,2,0.16455696202531644
2025-12-28,15g30,CS1,B5-GD,130,130,1,1.0
2025-12-28,15g30,CS1,B4-505,63,53,5,0.8412698412698413
2025-12-29,07g00,CS1,B1-208,44,44,1,1.0
2025-12-29,07g00,CS1,B1-306,44,44,1,1.0
2025-12-29,07g00,CS1,B4-305,42,42,3,1.0
2025-12-29,07g00,CS1,B4-406,57,57,1,1.0
2025-12-29,07g00,CS1,B4-501,42,42,1,1.0
2025-12-29,07g00,CS1,B4-502,42,42,1,1.0
2025-12-29,07g00,CS1,B4-505,63,63,1,1.0
2025-12-29,07g00,CS1,B5-GD,130,130,1,1.0
2025-12-29,07g00,CS1,B6-306,42,42,2,1.0
2025-12-29,07g00,CS1,C4-301,42,42,5,1.0
2025-12-29,07g00,CS1,C4-502,42,42,2,1.0
2025-12-29,07g00,CS1,C6-102,50,50,1,1.0
2025-12-29,07g00,CS1,C6-103,50,50,1,1.0
2025-12-29,07g00,CS1,C4-304,42,12,3,0.2857142857142857
2025-12-29,07g00,CS2,H1-101,73,73,2,1.0
2025-12-29,07g00,CS2,H1-104,73,73,2,1.0
2025-12-29,07g00,CS2,H1-307,71,71,2,1.0
2025-12-29,07g00,CS2,H2-201,82,82,1,1.0
2025-12-29,07g00,CS2,H2-206,82,82,1,1.0
2025-12-29,07g00,CS2,H2-207,71,71,2,1.0
2025-12-29,07g00,CS2,H2-301,82,82,1,1.0
2025-12-29,07g00,CS2,H2-306,82,82,1,1.0
2025-12-29,07g00,CS2,H2-401,82,82,1,1.0
2025-12-29,07g00,CS2,H2-406,82,82,1,1.0
2025-12-29,07g00,CS2,H3-201,75,75,2,1.0
2025-12-29,07g00,CS2,H3-301,75,75,1,1.0
2025-12-29,07g00,CS2,H3-306,75,75,1,1.0
2025-12-29,07g00,CS2,H3-401,75,75,1,1.0
2025-12-29,07g00,CS2,H3-406,75,75,1,1.0
2025-12-29,07g00,CS2,H3-501,75,75,1,1.0
2025-12-29,07g00,CS2,H3-506,75,75,1,1.0
2025-12-29,07g00,CS2,H6-113,68,68,4,1.0
2025-12-29,07g00,CS2,H6-305,68,68,3,1.0
2025-12-29,07g00,CS2,H6-308,76,76,1,1.0
2025-12-29,07g00,CS2,H6-311,71,71,3,1.0
2025-12-29,07g00,CS2,H6-811,79,79,1,1.0
2025-12-29,07g00,CS2,H6-GD,250,250,1,1.0
2025-12-29,07g00,CS2,H1-204,68,57,6,0.8382352941176471
2025-12-29,09g30,CS1,B5-GD,130,108,1,0.8307692307692308
2025-12-29,13g00,CS1,B1-208,44,44,1,1.0
2025-12-29,13g00,CS1,B1-306,44,44,2,1.0
2025-12-29,13g00,CS1,B4-406,57,57,1,1.0
2025-12-29,13g00,CS1,B4-501,42,42,2,1.0
2025-12-29,13g00,CS1,B4-502,42,42,2,1.0
2025-12-29,13g00,CS1,B4-505,63,63,1,1.0
2025-12-29,13g00,CS1,B5-GD,130,130,1,1.0
2025-12-29,13g00,CS1,C6-102,50,50,1,1.0
2025-12-29,13g00,CS1,C6-103,50,50,1,1.0
2025-12-29,13g00,CS1,B6-306,42,31,3,0.7380952380952381
2025-12-29,13g00,CS2,H2-201,82,82,1,1.0
2025-12-29,13g00,CS2,H2-206,82,82,1,1.0
2025-12-29,13g00,CS2,H2-301,82,82,1,1.0
2025-12-29,13g00,CS2,H2-306,82,82,1,1.0
2025-12-29,13g00,CS2,H2-401,82,82,1,1.0
2025-12-29,13g00,CS2,H2-406,82,82,1,1.0
2025-12-29,13g00,CS2,H3-306,75,75,3,1.0
2025-12-29,13g00,CS2,H3-401,75,75,2,1.0
2025-12-29,13g00,CS2,H3-406,75,75,2,1.0
2025-12-29,13g00,CS2,H3-501,75,75,2,1.0
2025-12-29,13g00,CS2,H3-506,75,75,2,1.0
2025-12-29,13g00,CS2,H6-308,76,76,2,1.0
2025-12-29,13g00,CS2,H6-811,79,79,1,1.0
2025-12-29,13g00,CS2,H6-GD,250,250,1,1.0
2025-12-29,13g00,CS2,H3-301,75,25,2,0.3333333333333333
2025-12-29,18g15,CS1,B4-406,57,57,2,1.0
2025-12-29,18g15,CS1,B4-505,63,63,2,1.0
2025-12-29,18g15,CS1,B5-GD,130,130,2,1.0
2025-12-29,18g15,CS1,C6-103,50,36,1,0.72
2025-12-30,07g00,CS1,B1-208,44,44,1,1.0
2025-12-30,07g00,CS1,B1-306,44,44,1,1.0
2025-12-30,07g00,CS1,B1-311,42,42,1,1.0
2025-12-30,07g00,CS1,B4-305,42,42,1,1.0
2025-12-30,07g00,CS1,B4-306,42,42,1,1.0
2025-12-30,07g00,CS1,B4-406,57,57,1,1.0
2025-12-30,07g00,CS1,B4-501,42,42,1,1.0
2025-12-30,07g00,CS1,B4-502,42,42,1,1.0
2025-12-30,07g00,CS1,B4-505,63,63,1,1.0
2025-12-30,07g00,CS1,B5-GD,130,130,1,1.0
2025-12-30,07g00,CS1,B6-306,42,42,1,1.0
2025-12-30,07g00,CS1,C4-301,42,42,1,1.0
2025-12-30,07g00,CS1,C4-304,42,42,1,1.0
2025-12-30,07g00,CS1,C4-402,42,42,1,1.0
2025-12-30,07g00,CS1,C4-403,42,42,1,1.0
2025-12-30,07g00,CS1,C4-502,42,42,1,1.0
2025-12-30,07g00,CS1,C5-303,42,42,2,1.0
2025-12-30,07g00,CS1,C5-401,42,42,2,1.0
2025-12-30,07g00,CS1,C5-403,42,42,2,1.0
2025-12-30,07g00,CS1,C5-502,42,42,3,1.0
2025-12-30,07g00,CS1,C6-102,50,50,1,1.0
2025-12-30,07g00,CS1,C6-103,50,50,1,1.0
2025-12-30,07g00,CS1,C6-403,42,31,4,0.7380952380952381
2025-12-30,07g00,CS2,H1-101,73,73,1,1.0
2025-12-30,07g00,CS2,H1-104,73,73,1,1.0
2025-12-30,07g00,CS2,H1-204,68,68,2,1.0
2025-12-30,07g00,CS2,H1-307,71,71,1,1.0
2025-12-30,07g00,CS2,H1-401,66,66,2,1.0
2025-12-30,07g00,CS2,H1-404,66,66,2,1.0
2025-12-30,07g00,CS2,H1-405,63,63,3,1.0
2025-12-30,07g00,CS2,H2-201,82,82,1,1.0
2025-12-30,07g00,CS2,H2-206,82,82,1,1.0
2025-12-30,07g00,CS2,H2-207,71,71,1,1.0
2025-12-30,07g00,CS2,H2-301,82,82,1,1.0
2025-12-30,07g00,CS2,H2-306,82,82,1,1.0
2025-12-30,07g00,CS2,H2-401,82,82,1,1.0
2025-12-30,07g00,CS2,H2-406,82,82,1,1.0
2025-12-30,07g00,CS2,H3-201,75,75,1,1.0
2025-12-30,07g00,CS2,H3-301,75,75,1,1.0
2025-12-30,07g00,CS2,H3-306,75,75,1,1.0
2025-12-30,07g00,CS2,H3-401,75,75,1,1.0
2025-12-30,07g00,CS2,H3-406,75,75,1,1.0
2025-12-30,07g00,CS2,H3-501,75,75,1,1.0
2025-12-30,07g00,CS2,H3-506,75,75,1,1.0
2025-12-30,07g00,CS2,H6-113,68,68,2,1.0
2025-12-30,07g00,CS2,H6-211,66,66,2,1.0
2025-12-30,07g00,CS2,H6-305,68,68,2,1.0
2025-12-30,07g00,CS2,H6-308,76,76,1,1.0
2025-12-30,07g00,CS2,H6-311,71,71,1,1.0
2025-12-30,07g00,CS2,H6-412,65,65,3,1.0
2025-12-30,07g00,CS2,H6-810,63,63,4,1.0
2025-12-30,07g00,CS2,H6-811,79,79,1,1.0
2025-12-30,07g00,CS2,H6-GD,250,250,1,1.0
2025-12-30,07g00,CS2,H6-802,63,41,7,0.6507936507936508
2025-12-30,09g30,CS1,B1-208,44,44,1,1.0
2025-12-30,09g30,CS1,B1-306,44,44,1,1.0
2025-12-30,09g30,CS1,B4-406,57,57,1,1.0
2025-12-30,09g30,CS1,B4-501,42,42,1,1.0
2025-12-30,09g30,CS1,B4-502,42,42,1,1.0
2025-12-30,09g30,CS1,B4-505,63,63,1,1.0
2025-12-30,09g30,CS1,B5-GD,130,130,1,1.0
2025-12-30,09g30,CS1,B6-306,42,42,1,1.0
2025-12-30,09g30,CS1,C4-502,42,42,1,1.0
2025-12-30,09g30,CS1,C6-102,50,50,1,1.0
2025-12-30,09g30,CS1,C6-103,50,50,1,1.0
2025-12-30,09g30,CS1,B4-305,42,37,1,0.8809523809523809
2025-12-30,09g30,CS2,H1-101,73,73,1,1.0
2025-12-30,09g30,CS2,H1-104,73,73,1,1.0
2025-12-30,09g30,CS2,H1-307,71,71,1,1.0
2025-12-30,09g30,CS2,H2-201,82,82,1,1.0
2025-12-30,09g30,CS2,H2-206,82,82,1,1.0
2025-12-30,09g30,CS2,H2-207,71,71,1,1.0
2025-12-30,09g30,CS2,H2-301,82,82,1,1.0
2025-12-30,09g30,CS2,H2-306,82,82,1,1.0
2025-12-30,09g30,CS2,H2-401,82,82,1,1.0
2025-12-30,09g30,CS2,H2-406,82,82,1,1.0
2025-12-30,09g30,CS2,H3-201,75,75,1,1.0
2025-12-30,09g30,CS2,H3-301,75,75,1,1.0
2025-12-30,09g30,CS2,H3-306,75,75,1,1.0
2025-12-30,09g30,CS2,H3-401,75,75,1,1.0
2025-12-30,09g30,CS2,H3-406,75,75,1,1.0
2025-12-30,09g30,CS2,H3-501,75,75,1,1.0
2025-12-30,09g30,CS2,H3-506,75,75,1,1.0
2025-12-30,09g30,CS2,H6-305,68,68,1,1.0
2025-12-30,09g30,CS2,H6-308,76,76,1,1.0
2025-12-30,09g30,CS2,H6-311,71,71,1,1.0
2025-12-30,09g30,CS2,H6-811,79,79,1,1.0
2025-12-30,09g30,CS2,H6-GD,250,250,1,1.0
2025-12-30,09g30,CS2,H6-113,68,54,1,0.7941176470588235
2025-12-30,13g00,CS1,B1-208,44,44,2,1.0
2025-12-30,13g00,CS1,B4-406,57,57,2,1.0
2025-12-30,13g00,CS1,B4-505,63,63,1,1.0
2025-12-30,13g00,CS1,B5-GD,130,130,1,1.0
2025-12-30,13g00,CS1,C6-102,50,50,2,1.0
2025-12-30,13g00,CS1,C6-103,50,50,2,1.0
2025-12-30,13g00,CS1,B1-306,44,19,2,0.4318181818181818
2025-12-30,13g00,CS2,H2-201,82,82,1,1.0
2025-12-30,13g00,CS2,H2-401,82,82,2,1.0
2025-12-30,13g00,CS2,H2-406,82,82,1,1.0
2025-12-30,13g00,CS2,H6-GD,250,250,2,1.0
2025-12-30,13g00,CS2,H2-306,82,37,3,0.45121951219512196
2025-12-30,15g30,CS1,B5-GD,130,21,1,0.16153846153846155
2025-12-30,15g30,CS2,H6-GD,250,151,2,0.604
2025-12-30,18g15,CS1,B5-GD,130,87,1,0.6692307692307692
2025-12-31,07g00,CS1,B1-208,44,44,1,1.0
2025-12-31,07g00,CS1,B1-306,44,44,1,1.0
2025-12-31,07g00,CS1,B1-311,42,42,1,1.0
2025-12-31,07g00,CS1,B4-305,42,42,1,1.0
2025-12-31,07g00,CS1,B4-306,42,42,1,1.0
2025-12-31,07g00,CS1,B4-406,57,57,1,1.0
2025-12-31,07g00,CS1,B4-501,42,42,1,1.0
2025-12-31,07g00,CS1,B4-502,42,42,1,1.0
2025-12-31,07g00,CS1,B4-505,63,63,1,1.0
2025-12-31,07g00,CS1,B5-GD,130,130,1,1.0
2025-12-31,07g00,CS1,B6-306,42,42,1,1.0
2025-12-31,07g00,CS1,C4-301,42,42,1,1.0
2025-12-31,07g00,CS1,C4-304,42,42,1,1.0
2025-12-31,07g00,CS1,C4-402,42,42,1,1.0
2025-12-31,07g00,CS1,C4-403,42,42,1,1.0
2025-12-31,07g00,CS1,C4-502,42,42,1,1.0
2025-12-31,07g00,CS1,C5-303,42,42,2,1.0
2025-12-31,07g00,CS1,C5-401,42,42,2,1.0
2025-12-31,07g00,CS1,C5-403,42,42,2,1.0
2025-12-31,07g00,CS1,C5-502,42,42,2,1.0
2025-12-31,07g00,CS1,C6-102,50,50,1,1.0
2025-12-31,07g00,CS1,C6-103,50,50,1,1.0
2025-12-31,07g00,CS1,C6-401,42,42,5,1.0
2025-12-31,07g00,CS1,C6-402,42,42,3,1.0
2025-12-31,07g00,CS1,C6-403,42,42,2,1.0
2025-12-31,07g00,CS2,H1-101,73,73,1,1.0
2025-12-31,07g00,CS2,H1-104,73,73,1,1.0
2025-12-31,07g00,CS2,H1-204,68,68,2,1.0
2025-12-31,07g00,CS2,H1-307,71,71,1,1.0
2025-12-31,07g00,CS2,H1-401,66,66,2,1.0
2025-12-31,07g00,CS2,H1-404,66,66,2,1.0
2025-12-31,07g00,CS2,H1-405,63,63,3,1.0
2025-12-31,07g00,CS2,H2-201,82,82,1,1.0
2025-12-31,07g00,CS2,H2-206,82,82,1,1.0
2025-12-31,07g00,CS2,H2-207,71,71,1,1.0
2025-12-31,07g00,CS2,H2-301,82,82,1,1.0
2025-12-31,07g00,CS2,H2-306,82,82,1,1.0
2025-12-31,07g00,CS2,H2-401,82,82,1,1.0
2025-12-31,07g00,CS2,H2-406,82,82,1,1.0
2025-12-31,07g00,CS2,H3-201,75,75,1,1.0
2025-12-31,07g00,CS2,H3-301,75,75,1,1.0
2025-12-31,07g00,CS2,H3-306,75,75,1,1.0
2025-12-31,07g00,CS2,H3-401,75,75,1,1.0
2025-12-31,07g00,CS2,H3-406,75,75,1,1.0
2025-12-31,07g00,CS2,H3-501,75,75,1,1.0
2025-12-31,07g00,CS2,H3-506,75,75,1,1.0
2025-12-31,07g00,CS2,H6-113,68,68,2,1.0
2025-12-31,07g00,CS2,H6-211,66,66,2,1.0
2025-12-31,07g00,CS2,H6-305,68,68,2,1.0
2025-12-31,07g00,CS2,H6-308,76,76,1,1.0
2025-12-31,07g00,CS2,H6-311,71,71,2,1.0
2025-12-31,07g00,CS2,H6-412,65,65,2,1.0
2025-12-31,07g00,CS2,H6-810,63,63,4,1.0
2025-12-31,07g00,CS2,H6-811,79,79,1,1.0
2025-12-31,07g00,CS2,H6-GD,250,250,1,1.0
2025-12-31,07g00,CS2,H6-802,63,31,7,0.49206349206349204
2025-12-31,09g30,CS1,B4-505,63,63,1,1.0
2025-12-31,09g30,CS1,B5-GD,130,130,1,1.0
2025-12-31,09g30,CS1,B4-406,57,42,2,0.7368421052631579
2025-12-31,09g30,CS2,H2-201,82,82,1,1.0
2025-12-31,09g30,CS2,H2-406,82,82,1,1.0
2025-12-31,09g30,CS2,H6-GD,250,250,1,1.0
2025-12-31,09g30,CS2,H2-401,82,28,2,0.34146341463414637
2025-12-31,13g00,CS1,B1-208,44,44,2,1.0
2025-12-31,13g00,CS1,B1-306,44,44,2,1.0
2025-12-31,13g00,CS1,B4-406,57,57,1,1.0
2025-12-31,13g00,CS1,B4-505,63,63,1,1.0
2025-12-31,13g00,CS1,B5-GD,130,130,1,1.0
2025-12-31,13g00,CS1,C6-102,50,50,2,1.0
2025-12-31,13g00,CS1,C6-103,50,50,1,1.0
2025-12-31,13g00,CS1,B4-502,42,15,1,0.35714285714285715
2025-12-31,13g00,CS2,H2-201,82,82,1,1.0
2025-12-31,13g00,CS2,H2-206,82,82,1,1.0
2025-12-31,13g00,CS2,H2-301,82,82,1,1.0
2025-12-31,13g00,CS2,H2-306,82,82,1,1.0
2025-12-31,13g00,CS2,H2-401,82,82,1,1.0
2025-12-31,13g00,CS2,H2-406,82,82,1,1.0
2025-12-31,13g00,CS2,H3-501,75,75,2,1.0
2025-12-31,13g00,CS2,H3-506,75,75,2,1.0
2025-12-31,13g00,CS2,H6-308,76,76,1,1.0
2025-12-31,13g00,CS2,H6-811,79,79,1,1.0
2025-12-31,13g00,CS2,H6-GD,250,250,1,1.0
2025-12-31,13g00,CS2,H3-406,75,47,3,0.6266666666666667
2025-12-31,15g30,CS1,B5-GD,130,130,1,1.0
2025-12-31,15g30,CS1,B4-505,63,61,2,0.9682539682539683
2025-12-31,15g30,CS2,H2-201,82,82,1,1.0
2025-12-31,15g30,CS2,H6-GD,250,250,2,1.0
2025-12-31,15g30,CS2,H2-406,82,62,1,0.7560975609756098
2025-12-31,18g15,CS1,B5-GD,130,64,3,0.49230769230769234
2026-01-02,07g00,CS1,B1-208,44,44,1,1.0
2026-01-02,07g00,CS1,B1-212,38,38,1,1.0
2026-01-02,07g00,CS1,B1-213,38,38,1,1.0
2026-01-02,07g00,CS1,B1-305,38,38,1,1.0
2026-01-02,07g00,CS1,B1-306,44,44,1,1.0
2026-01-02,07g00,CS1,B1-308,38,38,1,1.0
2026-01-02,07g00,CS1,B1-311,42,42,1,1.0
2026-01-02,07g00,CS1,B10-203,37,37,2,1.0
2026-01-02,07g00,CS1,B4-305,42,42,1,1.0
2026-01-02,07g00,CS1,B4-306,42,42,1,1.0
2026-01-02,07g00,CS1,B4-406,57,57,1,1.0
2026-01-02,07g00,CS1,B4-501,42,42,1,1.0
2026-01-02,07g00,CS1,B4-502,42,42,1,1.0
2026-01-02,07g00,CS1,B4-505,63,63,1,1.0
2026-01-02,07g00,CS1,B5-GD,130,130,1,1.0
2026-01-02,07g00,CS1,B6-306,42,42,1,1.0
2026-01-02,07g00,CS1,B8-301,35,35,2,1.0
2026-01-02,07g00,CS1,B8-303,33,33,3,1.0
2026-01-02,07g00,CS1,C4-301,42,42,1,1.0
2026-01-02,07g00,CS1,C4-304,42,42,1,1.0
2026-01-02,07g00,CS1,C4-402,42,42,1,1.0
2026-01-02,07g00,CS1,C4-403,42,42,1,1.0
2026-01-02,07g00,CS1,C4-502,42,42,1,1.0
2026-01-02,07g00,CS1,C5-303,42,42,1,1.0
2026-01-02,07g00,CS1,C5-401,42,42,1,1.0
2026-01-02,07g00,CS1,C5-403,42,42,1,1.0
2026-01-02,07g00,CS1,C5-502,42,42,1,1.0
2026-01-02,07g00,CS1,C5-503,42,42,1,1.0
2026-01-02,07g00,CS1,C6-102,50,50,1,1.0
2026-01-02,07g00,CS1,C6-103,50,50,1,1.0
2026-01-02,07g00,CS1,C6-401,42,42,1,1.0
2026-01-02,07g00,CS1,C6-402,42,42,1,1.0
2026-01-02,07g00,CS1,C6-403,42,42,1,1.0
2026-01-02,07g00,CS1,B8-304,33,24,7,0.7272727272727273
2026-01-02,07g00,CS2,H1-101,73,73,1,1.0
2026-01-02,07g00,CS2,H1-104,73,73,1,1.0
2026-01-02,07g00,CS2,H1-204,68,68,1,1.0
2026-01-02,07g00,CS2,H1-307,71,71,1,1.0
2026-01-02,07g00,CS2,H1-401,66,66,1,1.0
2026-01-02,07g00,CS2,H1-404,66,66,1,1.0
2026-01-02,07g00,CS2,H1-405,63,63,1,1.0
2026-01-02,07g00,CS2,H2-201,82,82,1,1.0
2026-01-02,07g00,CS2,H2-206,82,82,1,1.0
2026-01-02,07g00,CS2,H2-207,71,71,1,1.0
2026-01-02,07g00,CS2,H2-301,82,82,1,1.0
2026-01-02,07g00,CS2,H2-306,82,82,1,1.0
2026-01-02,07g00,CS2,H2-401,82,82,1,1.0
2026-01-02,07g00,CS2,H2-406,82,82,1,1.0
2026-01-02,07g00,CS2,H3-201,75,75,1,1.0
2026-01-02,07g00,CS2,H3-301,75,75,1,1.0
2026-01-02,07g00,CS2,H3-306,75,75,1,1.0
2026-01-02,07g00,CS2,H3-401,75,75,1,1.0
2026-01-02,07g00,CS2,H3-406,75,75,1,1.0
2026-01-02,07g00,CS2,H3-501,75,75,1,1.0
2026-01-02,07g00,CS2,H3-506,75,75,1,1.0
2026-01-02,07g00,CS2,H3-606,63,63,3,1.0
2026-01-02,07g00,CS2,H6-113,68,68,1,1.0
2026-01-02,07g00,CS2,H6-201,63,63,2,1.0
2026-01-02,07g00,CS2,H6-205,62,62,3,1.0
2026-01-02,07g00,CS2,H6-211,66,66,1,1.0
2026-01-02,07g00,CS2,H6-305,68,68,1,1.0
2026-01-02,07g00,CS2,H6-308,76,76,1,1.0
2026-01-02,07g00,CS2,H6-311,71,71,1,1.0
2026-01-02,07g00,CS2,H6-405,63,63,2,1.0
2026-01-02,07g00,CS2,H6-412,65,65,1,1.0
2026-01-02,07g00,CS2,H6-802,63,63,2,1.0
2026-01-02,07g00,CS2,H6-810,63,63,1,1.0
2026-01-02,07g00,CS2,H6-811,79,79,1,1.0
2026-01-02,07g00,CS2,H6-GD,250,250,1,1.0
2026-01-02,07g00,CS2,H2-205,62,26,3,0.41935483870967744
2026-01-02,09g30,CS1,B5-GD,130,62,5,0.47692307692307695
2026-01-02,09g30,CS2,H2-201,82,82,2,1.0
2026-01-02,09g30,CS2,H2-306,82,82,4,1.0
2026-01-02,09g30,CS2,H2-401,82,82,3,1.0
2026-01-02,09g30,CS2,H2-406,82,82,2,1.0
2026-01-02,09g30,CS2,H6-GD,250,250,2,1.0
2026-01-02,09g30,CS2,H2-301,82,50,4,0.6097560975609756
2026-01-02,13g00,CS1,B1-208,44,44,3,1.0
2026-01-02,13g00,CS1,B4-406,57,57,2,1.0
2026-01-02,13g00,CS1,B4-505,63,63,1,1.0
2026-01-02,13g00,CS1,B5-GD,130,130,1,1.0
2026-01-02,13g00,CS1,C6-102,50,50,2,1.0
2026-01-02,13g00,CS1,C6-103,50,50,2,1.0
2026-01-02,13g00,CS1,B1-306,44,13,2,0.29545454545454547
2026-01-02,13g00,CS2,H2-201,82,82,1,1.0
2026-01-02,13g00,CS2,H2-206,82,82,1,1.0
2026-01-02,13g00,CS2,H2-301,82,82,1,1.0
2026-01-02,13g00,CS2,H2-306,82,82,1,1.0
2026-01-02,13g00,CS2,H2-401,82,82,1,1.0
2026-01-02,13g00,CS2,H2-406,82,82,1,1.0
2026-01-02,13g00,CS2,H3-306,75,75,3,1.0
2026-01-02,13g00,CS2,H3-401,75,75,2,1.0
2026-01-02,13g00,CS2,H3-406,75,75,2,1.0
2026-01-02,13g00,CS2,H3-501,75,75,2,1.0
2026-01-02,13g00,CS2,H3-506,75,75,2,1.0
2026-01-02,13g00,CS2,H6-308,76,76,1,1.0
2026-01-02,13g00,CS2,H6-811,79,79,1,1.0
2026-01-02,13g00,CS2,H6-GD,250,250,1,1.0
2026-01-02,13g00,CS2,H3-301,75,53,4,0.7066666666666667
2026-01-02,15g30,CS1,B5-GD,130,130,1,1.0
2026-01-02,15g30,CS1,B4-505,63,6,1,0.09523809523809523
2026-01-02,15g30,CS2,H6-GD,250,160,1,0.64
2026-01-02,18g15,CS1,B5-GD,130,130,4,1.0
2026-01-02,18g15,CS1,B4-505,63,55,3,0.873015873015873
2026-01-03,07g00,CS1,B4-406,57,57,2,1.0
2026-01-03,07g00,CS1,B4-505,63,63,2,1.0
2026-01-03,07g00,CS1,B5-GD,130,130,2,1.0
2026-01-03,07g00,CS1,C6-102,50,50,4,1.0
2026-01-03,07g00,CS1,C6-103,50,50,3,1.0
2026-01-03,07g00,CS1,B1-208,44,37,6,0.8409090909090909
2026-01-03,07g00,CS2,H2-201,82,82,1,1.0
2026-01-03,07g00,CS2,H2-206,82,82,3,1.0
2026-01-03,07g00,CS2,H2-301,82,82,2,1.0
2026-01-03,07g00,CS2,H2-306,82,82,2,1.0
2026-01-03,07g00,CS2,H2-401,82,82,2,1.0
2026-01-03,07g00,CS2,H2-406,82,82,2,1.0
2026-01-03,07g00,CS2,H3-506,75,75,5,1.0
2026-01-03,07g00,CS2,H6-308,76,76,3,1.0
2026-01-03,07g00,CS2,H6-811,79,79,3,1.0
2026-01-03,07g00,CS2,H6-GD,250,250,2,1.0
2026-01-03,07g00,CS2,H3-501,75,14,3,0.18666666666666668
2026-01-03,09g30,CS1,B1-208,44,44,1,1.0
2026-01-03,09g30,CS1,B1-306,44,44,1,1.0
2026-01-03,09g30,CS1,B4-305,42,42,1,1.0
2026-01-03,09g30,CS1,B4-406,57,57,1,1.0
2026-01-03,09g30,CS1,B4-501,42,42,1,1.0
2026-01-03,09g30,CS1,B4-502,42,42,1,1.0
2026-01-03,09g30,CS1,B4-505,63,63,1,1.0
2026-01-03,09g30,CS1,B5-GD,130,130,1,1.0
2026-01-03,09g30,CS1,B6-306,42,42,1,1.0
2026-01-03,09g30,CS1,C4-301,42,42,1,1.0
2026-01-03,09g30,CS1,C4-304,42,42,1,1.0
2026-01-03,09g30,CS1,C4-402,42,42,1,1.0
2026-01-03,09g30,CS1,C4-502,42,42,1,1.0
2026-01-03,09g30,CS1,C6-102,50,50,1,1.0
2026-01-03,09g30,CS1,C6-103,50,50,1,1.0
2026-01-03,09g30,CS1,C4-403,42,28,1,0.6666666666666666
2026-01-03,09g30,CS2,H1-101,73,73,1,1.0
2026-01-03,09g30,CS2,H2-201,82,82,1,1.0
2026-01-03,09g30,CS2,H2-206,82,82,1,1.0
2026-01-03,09g30,CS2,H2-301,82,82,1,1.0
2026-01-03,09g30,CS2,H2-306,82,82,1,1.0
2026-01-03,09g30,CS2,H2-401,82,82,1,1.0
2026-01-03,09g30,CS2,H2-406,82,82,1,1.0
2026-01-03,09g30,CS2,H3-201,75,75,1,1.0
2026-01-03,09g30,CS2,H3-301,75,75,1,1.0
2026-01-03,09g30,CS2,H3-306,75,75,1,1.0
2026-01-03,09g30,CS2,H3-401,75,75,1,1.0
2026-01-03,09g30,CS2,H3-406,75,75,1,1.0
2026-01-03,09g30,CS2,H3-501,75,75,1,1.0
2026-01-03,09g30,CS2,H3-506,75,75,1,1.0
2026-01-03,09g30,CS2,H6-308,76,76,1,1.0
2026-01-03,09g30,CS2,H6-811,79,79,1,1.0
2026-01-03,09g30,CS2,H6-GD,250,250,1,1.0
2026-01-03,09g30,CS2,H1-104,73,34,1,0.4657534246575342
2026-01-03,13g00,CS1,B4-406,57,57,3,1.0
2026-01-03,13g00,CS1,B4-505,63,63,2,1.0
2026-01-03,13g00,CS1,B5-GD,130,130,1,1.0
2026-01-03,13g00,CS1,C6-103,50,50,4,1.0
2026-01-03,13g00,CS1,C6-102,50,8,1,0.16
2026-01-03,13g00,CS2,H2-201,82,82,2,1.0
2026-01-03,13g00,CS2,H2-406,82,82,2,1.0
2026-01-03,13g00,CS2,H6-GD,250,250,2,1.0
2026-01-03,13g00,CS2,H2-401,82,77,4,0.9390243902439024
2026-01-03,15g30,CS1,B5-GD,130,71,1,0.5461538461538461
2026-01-03,15g30,CS2,H6-GD,250,130,1,0.52
2026-01-04,07g00,CS1,B1-208,44,44,1,1.0
2026-01-04,07g00,CS1,B1-306,44,44,1,1.0
2026-01-04,07g00,CS1,B4-305,42,42,2,1.0
2026-01-04,07g00,CS1,B4-406,57,57,1,1.0
2026-01-04,07g00,CS1,B4-501,42,42,1,1.0
2026-01-04,07g00,CS1,B4-502,42,42,1,1.0
2026-01-04,07g00,CS1,B4-505,63,63,1,1.0
2026-01-04,07g00,CS1,B5-GD,130,130,1,1.0
2026-01-04,07g00,CS1,B6-306,42,42,1,1.0
2026-01-04,07g00,CS1,C4-301,42,42,3,1.0
2026-01-04,07g00,CS1,C4-304,42,42,3,1.0
2026-01-04,07g00,CS1,C4-402,42,42,5,1.0
2026-01-04,07g00,CS1,C4-502,42,42,2,1.0
2026-01-04,07g00,CS1,C6-102,50,50,1,1.0
2026-01-04,07g00,CS1,C6-103,50,50,1,1.0
2026-01-04,07g00,CS1,C4-403,42,28,7,0.6666666666666666
2026-01-04,07g00,CS2,H1-101,73,73,2,1.0
2026-01-04,07g00,CS2,H1-104,73,73,3,1.0
2026-01-04,07g00,CS2,H1-307,71,71,4,1.0
2026-01-04,07g00,CS2,H2-201,82,82,1,1.0
2026-01-04,07g00,CS2,H2-206,82,82,1,1.0
2026-01-04,07g00,CS2,H2-207,71,71,8,1.0
2026-01-04,07g00,CS2,H2-301,82,82,1,1.0
2026-01-04,07g00,CS2,H2-306,82,82,1,1.0
2026-01-04,07g00,CS2,H2-401,82,82,1,1.0
2026-01-04,07g00,CS2,H2-406,82,82,1,1.0
2026-01-04,07g00,CS2,H3-201,75,75,2,1.0
2026-01-04,07g00,CS2,H3-301,75,75,2,1.0
2026-01-04,07g00,CS2,H3-306,75,75,2,1.0
2026-01-04,07g00,CS2,H3-401,75,75,2,1.0
2026-01-04,07g00,CS2,H3-406,75,75,2,1.0
2026-01-04,07g00,CS2,H3-501,75,75,1,1.0
2026-01-04,07g00,CS2,H3-506,75,75,1,1.0
2026-01-04,07g00,CS2,H6-308,76,76,1,1.0
2026-01-04,07g00,CS2,H6-811,79,79,1,1.0
2026-01-04,07g00,CS2,H6-GD,250,250,1,1.0
2026-01-04,07g00,CS2,H6-311,71,12,3,0.16901408450704225
2026-01-04,09g30,CS1,B4-406,57,57,3,1.0
2026-01-04,09g30,CS1,B4-505,63,63,2,1.0
2026-01-04,09g30,CS1,B5-GD,130,130,2,1.0
2026-01-04,09g30,CS1,C6-103,50,50,4,1.0
2026-01-04,09g30,CS1,C6-102,50,29,5,0.58
2026-01-04,09g30,CS2,H6-GD,250,158,1,0.632
2026-01-04,13g00,CS1,B1-208,44,44,1,1.0
2026-01-04,13g00,CS1,B1-306,44,44,2,1.0
2026-01-04,13g00,CS1,B4-406,57,57,1,1.0
2026-01-04,13g00,CS1,B4-501,42,42,5,1.0
2026-01-04,13g00,CS1,B4-502,42,42,3,1.0
2026-01-04,13g00,CS1,B4-505,63,63,1,1.0
2026-01-04,13g00,CS1,B5-GD,130,130,1,1.0
2026-01-04,13g00,CS1,C6-102,50,50,1,1.0
2026-01-04,13g00,CS1,C6-103,50,50,1,1.0
2026-01-04,13g00,CS2,H2-201,82,82,1,1.0
2026-01-04,13g00,CS2,H2-206,82,82,1,1.0
2026-01-04,13g00,CS2,H2-301,82,82,1,1.0
2026-01-04,13g00,CS2,H2-306,82,82,1,1.0
2026-01-04,13g00,CS2,H2-401,82,82,1,1.0
2026-01-04,13g00,CS2,H2-406,82,82,1,1.0
2026-01-04,13g00,CS2,H3-301,75,75,3,1.0
2026-01-04,13g00,CS2,H3-306,75,75,2,1.0
2026-01-04,13g00,CS2,H3-401,75,75,2,1.0
2026-01-04,13g00,CS2,H3-406,75,75,2,1.0
2026-01-04,13g00,CS2,H3-501,75,75,2,1.0
2026-01-04,13g00,CS2,H3-506,75,75,2,1.0
2026-01-04,13g00,CS2,H6-308,76,76,1,1.0
2026-01-04,13g00,CS2,H6-811,79,79,1,1.0
2026-01-04,13g00,CS2,H6-GD,250,250,1,1.0
2026-01-04,13g00,CS2,H3-201,75,52,6,0.6933333333333334
2026-01-04,15g30,CS1,B5-GD,130,130,2,1.0
2026-01-04,15g30,CS1,B4-505,63,34,2,0.5396825396825397
